eid	pid	detectorId	is_primary	posx	posy	posz	del_posx	del_posy	del_posz	del_t	globTime	propTime	localTime	ni_edep	tot_edep	tot_E	tot_KE	momx	momy	momz	px	py	pz
0	-13	Box-224	0	0.292074	7056.05	1.14589	0.000303368	-0.1	0.000413792	0.000333587	29.8358	0.312082	29.8358	0	0	10.0377	9.932	0.030449	-10.037	0.0415322	0.00303364	-0.999987	0.00413787
0	-13	Box-223	0	0.700107	6960.05	1.54725	0.000523143	-0.1	0.000617452	0.000333594	30.156	0.315462	30.156	0	0	9.97031	9.86466	0.0521543	-9.96943	0.0615564	0.00523126	-0.999967	0.00617432
0	-13	Box-222	0	1.25512	6864.05	2.43871	0.000700022	-0.1	0.00129429	0.000333619	30.4763	0.318867	30.4763	0	0	9.89653	9.79087	0.0692665	-9.8949	0.128068	0.00699946	-0.999892	0.0129415
0	-13	Box-221	0	1.99365	6768.05	3.88046	0.000677563	-0.1	0.00172842	0.000333641	30.7966	0.322297	30.7966	0	0	9.82882	9.72316	0.0665812	-9.82656	0.169844	0.00677447	-0.999828	0.0172812
0	-13	Box-220	0	2.57156	6672.05	5.61484	0.000548535	-0.1	0.00180864	0.000333643	31.1169	0.325753	31.1169	0	8.35686e-08	9.74568	9.64002	0.0534458	-9.74337	0.176222	0.00548437	-0.999821	0.0180832
0	-13	Box-219	0	3.276	6576.05	7.44419	0.000766161	-0.1	0.00203157	0.000333663	31.4372	0.32924	31.4372	0	0	9.66083	9.55517	0.0739956	-9.65798	0.196209	0.0076598	-0.999764	0.0203109
0	-13	Box-218	0	4.03108	6480.05	9.58441	0.000840853	-0.1	0.00244946	0.000333696	31.7575	0.332754	31.7575	0	0	9.59252	9.48687	0.0806271	-9.58873	0.234872	0.00840572	-0.999665	0.0244864
0	-13	Box-217	0	4.83947	6384.05	11.9611	0.00074026	-0.1	0.00253835	0.000333701	32.0779	0.3363	32.0779	0	7.28358e-08	9.48667	9.38101	0.0701971	-9.48276	0.240706	0.00740001	-0.999651	0.0253746
0	-13	Box-216	0	5.39052	6288.05	14.5957	0.000239118	-0.1	0.00291696	0.000333728	32.3982	0.339877	32.3982	0	0	9.42155	9.31589	0.0225175	-9.41692	0.274687	0.00239015	-0.999572	0.0291571
0	-13	Box-215	0	5.60821	6192.05	17.7605	0.000229757	-0.1	0.00364119	0.000333807	32.7186	0.34348	32.7186	0	1.25667e-07	9.35722	9.25156	0.0214982	-9.3504	0.340465	0.00229765	-0.999335	0.0363876
0	-13	Box-214	0	5.63394	6096.05	21.2495	-0.000271131	-0.1	0.00371762	0.000333817	33.0391	0.347108	33.0391	0	0	9.29256	9.1869	-0.0251759	-9.28551	0.3452	-0.00270943	-0.999306	0.0371504
0	-13	Box-213	0	5.20153	6000.05	24.8818	-0.000553708	-0.1	0.00366964	0.000333816	33.3596	0.350765	33.3596	0	0	9.2122	9.10655	-0.0509703	-9.20526	0.3378	-0.00553328	-0.999312	0.0366711
0	-13	Box-212	0	4.83466	5904.05	28.6261	-0.000304206	-0.1	0.00415526	0.000333876	33.6801	0.354457	33.6801	0	0	9.12736	9.0217	-0.0277401	-9.11883	0.378911	-0.00303943	-0.999133	0.0415166
0	-13	Box-211	0	4.34907	5808.05	32.6598	-0.000825784	-0.1	0.00416409	0.000333887	34.0006	0.358179	34.0006	0	0	9.05711	8.95145	-0.0747198	-9.04834	0.376781	-0.00825041	-0.9991	0.0416034
0	-13	Box-210	0	3.55509	5712.05	36.7908	-0.000867361	-0.1	0.00441687	0.000333925	34.3211	0.361929	34.3211	0	0	8.99009	8.88443	-0.0778923	-8.98038	0.396652	-0.00866484	-0.998988	0.0441241
0	-13	Box-209	0	2.91057	5616.05	41.2241	-0.000369947	-0.1	0.00474066	0.000333965	34.6417	0.365751	34.6417	0	0	8.7617	8.65604	-0.0323747	-8.75117	0.414864	-0.00369529	-0.998871	0.0473531
0	-13	Box-208	0	2.58814	5520.05	45.8676	-0.000333854	-0.1	0.0048226	0.000333978	34.9624	0.36963	34.9624	0	0	8.67956	8.5739	-0.0289361	-8.66879	0.418061	-0.00333407	-0.998834	0.0481697
0	-13	Box-207	0	2.33492	5424.05	50.6995	-0.000226924	-0.1	0.00517339	0.000334036	35.283	0.373544	35.283	0	0	8.61334	8.50768	-0.0195181	-8.60117	0.444972	-0.0022662	-0.998662	0.0516646
0	-13	Box-206	0	2.17212	5328.05	55.8114	5.37259e-05	-0.1	0.00558604	0.00033411	35.6037	0.377493	35.6037	0	0	8.53637	8.43071	0.00458295	-8.52243	0.476073	0.000536915	-0.998443	0.0557743
0	-13	Box-205	0	2.15472	5232.05	61.3416	-0.000274998	-0.1	0.00600408	0.000334192	35.9245	0.381471	35.9245	0	0	8.47187	8.36621	-0.0232537	-8.45595	0.507702	-0.00274503	-0.998199	0.0599327
0	-13	Box-204	0	1.9156	5136.05	67.3255	-0.000307109	-0.1	0.00654807	0.000334306	36.2454	0.385484	36.2454	0	0	8.40857	8.30291	-0.0257661	-8.3899	0.549376	-0.00306451	-0.997858	0.0653404
0	-13	Box-203	0	1.50091	5040.05	73.8182	-0.000668865	-0.1	0.00692591	0.000334397	36.5663	0.38953	36.5663	0	2.51168e-08	8.33992	8.23426	-0.0556437	-8.31913	0.576175	-0.00667251	-0.997588	0.069092
0	-13	Box-202	0	0.838799	4944.05	80.8556	-0.000573242	-0.1	0.00771554	0.000334588	36.8875	0.393619	36.8875	0	0	8.2541	8.14845	-0.0471711	-8.22884	0.634899	-0.00571534	-0.99702	0.0769255
0	-13	Box-201	0	0.197818	4848.05	88.3436	-0.000916981	-0.1	0.007831	0.000334627	37.2087	0.397742	37.2087	0	0	8.19344	8.08778	-0.0748937	-8.16741	0.63959	-0.00914144	-0.996906	0.0780677
0	-13	Box-200	0	-0.502352	4752.05	95.9535	-0.000420982	-0.1	0.00798466	0.000334657	37.5299	0.401897	37.5299	0	0	8.11908	8.01342	-0.0340683	-8.09257	0.646164	-0.00419643	-0.996819	0.0795926
0	-13	Box-199	0	-1.00607	4656.05	103.998	-0.000688216	-0.1	0.00872809	0.000334869	37.8513	0.406095	37.8513	0	7.60261e-08	8.04908	7.94343	-0.0551793	-8.01772	0.699794	-0.00685594	-0.996189	0.0869483
0	-13	Box-198	0	-1.77889	4560.05	112.33	-0.00102654	-0.1	0.00847402	0.000334807	38.1728	0.410335	38.1728	0	0	7.96808	7.86242	-0.0814923	-7.93851	0.672711	-0.0102282	-0.996377	0.0844332
0	-13	Box-197	0	-2.81847	4464.05	120.706	-0.00111608	-0.1	0.00901516	0.000334968	38.4943	0.414628	38.4943	0	0	7.8081	7.70244	-0.0867795	-7.77537	0.700962	-0.0111151	-0.995899	0.0897819
0	-13	Box-196	0	-3.79532	4368.05	129.471	-0.00105226	-0.1	0.00931721	0.000335059	38.8159	0.419004	38.8159	0	2.21232e-08	7.71344	7.60779	-0.0808033	-7.67904	0.715472	-0.0104766	-0.995633	0.0927652
0	-13	Box-195	0	-4.87536	4272.05	138.431	-0.00129313	-0.1	0.00926082	0.000335051	39.1375	0.423437	39.1375	0	0	7.61822	7.51256	-0.0980764	-7.5844	0.702377	-0.0128752	-0.995657	0.092206
0	-13	Box-194	0	-5.90101	4176.05	147.571	-0.000779092	-0.1	0.00968635	0.000335172	39.4593	0.428043	39.4593	0	0	7.14822	7.04256	-0.055424	-7.11393	0.68908	-0.00775439	-0.995312	0.0964093
0	-13	Box-193	0	-7.55042	4080.05	157.312	-0.00229871	-0.1	0.0105479	0.00033554	39.7812	0.432822	39.7812	0	5.86205e-08	7.0806	6.97495	-0.161804	-7.03892	0.742461	-0.0228543	-0.994223	0.10487
0	-13	Box-192	0	-9.64751	3984.05	167.748	-0.00192796	-0.1	0.011369	0.000335813	40.1034	0.437643	40.1034	0	6.90458e-08	7.01869	6.91303	-0.134412	-6.97169	0.79261	-0.0191527	-0.993417	0.112941
0	-13	Box-191	0	-11.5101	3888.05	179.082	-0.00191965	-0.1	0.0123188	0.000336185	40.426	0.442517	40.426	0	0	6.95186	6.8462	-0.132411	-6.89765	0.849707	-0.019049	-0.992318	0.122241
0	-13	Box-190	0	-13.2467	3792.05	191.311	-0.00159654	-0.1	0.0131862	0.000336533	40.7489	0.447444	40.7489	0	0	6.88524	6.77958	-0.108965	-6.82449	0.899892	-0.0158277	-0.991294	0.130714
0	-13	Box-189	0	-14.7447	3696.05	204.111	-0.00143456	-0.1	0.0135358	0.000336681	41.072	0.45243	41.072	0	0	6.8012	6.69554	-0.0966638	-6.73824	0.912076	-0.0142145	-0.990863	0.134121
0	-13	Box-188	0	-16.2926	3600.05	217.688	-0.00176069	-0.1	0.0146974	0.00033724	41.3955	0.457478	41.3955	0	0	6.73258	6.62693	-0.117247	-6.65919	0.978731	-0.0174171	-0.989221	0.14539
0	-13	Box-187	0	-18.0208	3504.05	232.039	-0.00185328	-0.1	0.0152956	0.000337542	41.7194	0.462576	41.7194	0	1.58836e-08	6.66962	6.56396	-0.12215	-6.59101	1.00813	-0.0183166	-0.988338	0.151172
0	-13	Box-186	0	-19.8708	3408.05	246.668	-0.00219556	-0.1	0.0149253	0.000337382	42.0434	0.46773	42.0434	0	1.90079e-07	6.60459	6.49893	-0.143367	-6.52986	0.974604	-0.02171	-0.988811	0.147583
0	-13	Box-185	0	-21.7908	3312.05	261.192	-0.00183081	-0.1	0.0154064	0.000337599	42.3674	0.472936	42.3674	0	0	6.52976	6.4241	-0.118119	-6.45171	0.993976	-0.0180917	-0.988178	0.152242
0	-13	Box-184	0	-23.422	3216.05	276.241	-0.00149984	-0.1	0.0158745	0.000337824	42.6916	0.478213	42.6916	0	0	6.4283	6.32265	-0.0951989	-6.34725	1.0076	-0.0148113	-0.987525	0.156765
0	-13	Box-183	0	-25.2567	3120.05	291.563	-0.00247431	-0.1	0.0161562	0.000338037	43.016	0.48357	43.016	0	0	6.34487	6.23921	-0.154915	-6.26091	1.01152	-0.0244191	-0.986905	0.159446
0	-13	Box-182	0	-27.6614	3024.05	307.046	-0.0026297	-0.1	0.0158729	0.000337902	43.3405	0.489	43.3405	0	0	6.27012	6.16446	-0.162768	-6.18963	0.982473	-0.0259631	-0.987303	0.156714
0	-13	Box-181	0	-30.3253	2928.05	322.508	-0.00302362	-0.1	0.0163556	0.000338196	43.665	0.494495	43.665	0	0	6.20191	6.09625	-0.184954	-6.11697	1.00047	-0.0298264	-0.986448	0.161339
0	-13	Box-180	0	-33.3616	2832.05	338.453	-0.00316376	-0.1	0.0169037	0.000338511	43.9898	0.500056	43.9898	0	0	6.13135	6.02569	-0.191147	-6.04175	1.02128	-0.0311799	-0.985533	0.166591
0	-13	Box-179	0	-36.3992	2736.05	354.765	-0.00289127	-0.1	0.0170401	0.000338561	44.3148	0.505687	44.3148	0	0	6.05686	5.9512	-0.172536	-5.96747	1.01686	-0.0284903	-0.98539	0.167911
0	-13	Box-178	0	-39.1292	2640.05	371.441	-0.00265965	-0.1	0.0177915	0.000338971	44.64	0.511384	44.64	0	0	5.98114	5.87548	-0.15654	-5.88573	1.04716	-0.0261763	-0.984202	0.175104
0	-13	Box-177	0	-41.6843	2544.05	388.963	-0.00263819	-0.1	0.0187862	0.000339567	44.9657	0.517163	44.9657	0	0	5.91451	5.80885	-0.153287	-5.80993	1.0915	-0.0259213	-0.982476	0.184577
0	-13	Box-176	0	-44.3366	2448.05	407.038	-0.00289873	-0.1	0.0188586	0.000339637	45.2917	0.52302	45.2917	0	0	5.84069	5.73503	-0.166278	-5.73626	1.08178	-0.0284736	-0.98228	0.185244
0	-13	Box-175	0	-47.0777	2352.05	425.485	-0.00299182	-0.1	0.0194681	0.00034003	45.618	0.52895	45.618	0	5.0072e-08	5.77143	5.66578	-0.169387	-5.66169	1.10223	-0.0293542	-0.981149	0.191011
0	-13	Box-174	0	-49.6353	2256.05	444.338	-0.00245908	-0.1	0.0201018	0.000340395	45.9445	0.534974	45.9445	0	0	5.67518	5.56952	-0.136757	-5.5613	1.11792	-0.0241015	-0.980104	0.197018
0	-13	Box-173	0	-52.0484	2160.05	464.001	-0.0024093	-0.1	0.0211676	0.000341111	46.2715	0.541102	46.2715	0	0	5.59588	5.49023	-0.131839	-5.47208	1.15831	-0.0235642	-0.978051	0.20703
0	-13	Box-172	0	-54.35	2064.05	484.333	-0.00242554	-0.1	0.0212617	0.000341179	46.599	0.547315	46.599	0	0	5.52324	5.41759	-0.130988	-5.39998	1.14812	-0.0237202	-0.977861	0.207908
0	-13	Box-171	0	-57.0173	1968.05	505	-0.00327735	-0.1	0.0218183	0.00034165	46.9267	0.553621	46.9267	0	0	5.45385	5.3482	-0.1745	-5.32477	1.16178	-0.0320017	-0.976515	0.21306
0	-13	Box-170	0	-60.1597	1872.05	526.102	-0.0031565	-0.1	0.022156	0.000341881	47.2548	0.560005	47.2548	0	1.54921e-08	5.38688	5.28122	-0.1659	-5.25583	1.16448	-0.030803	-0.97586	0.216212
0	-13	Box-169	0	-63.4254	1776.05	547.603	-0.00374144	-0.1	0.0226396	0.000342301	47.5832	0.566487	47.5832	0	0	5.30678	5.20113	-0.193482	-5.17133	1.17077	-0.0364666	-0.974669	0.220661
0	-13	Box-168	0	-66.8585	1680.05	569.522	-0.00345892	-0.1	0.0230208	0.000342553	47.912	0.57307	47.912	0	0	5.2351	5.12944	-0.176326	-5.09772	1.17354	-0.0336884	-0.973958	0.224213
0	-13	Box-167	0	-70.1908	1584.05	591.638	-0.00368809	-0.1	0.0229176	0.000342504	48.2408	0.579743	48.2408	0	0	5.16656	5.0609	-0.185562	-5.03169	1.15316	-0.0359235	-0.974101	0.223243
0	-13	Box-166	0	-73.6632	1488.05	614.029	-0.00349232	-0.1	0.0238781	0.000343213	48.5699	0.586507	48.5699	0	0	5.09865	4.99299	-0.173055	-4.95531	1.18323	-0.0339487	-0.972095	0.232117
0	-13	Box-165	0	-76.9037	1392.05	637.181	-0.00353467	-0.1	0.0244046	0.000343633	48.8996	0.593411	48.8996	0	3.84618e-08	4.98561	4.87996	-0.171061	-4.83953	1.18107	-0.0343187	-0.970916	0.236948
0	-13	Box-164	0	-80.4044	1296.05	660.538	-0.00382063	-0.1	0.0238453	0.000343232	49.2294	0.600447	49.2294	0	0	4.91066	4.805	-0.182333	-4.77233	1.13798	-0.0371386	-0.972057	0.231789
0	-13	Box-163	0	-84.3426	1200.05	683.761	-0.00474094	-0.1	0.0246973	0.000344032	49.5592	0.607584	49.5592	0	0	4.84218	4.73652	-0.222579	-4.69484	1.1595	-0.0459778	-0.969803	0.239516
0	-13	Box-162	0	-88.0675	1104.05	707.671	-0.00347686	-0.1	0.0253237	0.000344373	49.8896	0.61484	49.8896	0	0	4.76894	4.66328	-0.160605	-4.61925	1.16977	-0.0336856	-0.968849	0.245349
0	-13	Box-161	0	-91.6004	1008.05	732.551	-0.00402217	-0.1	0.0267427	0.000345634	50.2207	0.622214	50.2207	0	1.26065e-06	4.70284	4.59718	-0.182551	-4.53861	1.21375	-0.038827	-0.965323	0.258153
0	-13	Box-160	0	-95.6296	912.05	758.723	-0.00472649	-0.1	0.0282315	0.00034705	50.5529	0.629704	50.5529	0	0	4.64228	4.53663	-0.210891	-4.46189	1.25966	-0.04544	-0.961389	0.271414
0	-13	Box-159	0	-100.025	816.05	786.122	-0.00446397	-0.1	0.0288338	0.000347566	50.8863	0.637356	50.8863	0	2.47191e-07	4.55102	4.44536	-0.194957	-4.36768	1.25937	-0.0428496	-0.959973	0.276797
0	-13	Box-158	0	-104.425	720.05	814.035	-0.00508166	-0.1	0.0296068	0.000348389	51.2202	0.645229	51.2202	0	4.9165e-07	4.41918	4.31352	-0.215012	-4.23113	1.2527	-0.0486682	-0.957722	0.28355
0	-13	Box-157	0	-109.066	624.05	842.586	-0.00445136	-0.1	0.0301584	0.000348823	51.5548	0.653298	51.5548	0	0	4.33428	4.22863	-0.184495	-4.14468	1.24997	-0.042579	-0.956539	0.288477
0	-13	Box-156	0	-113.115	528.05	871.928	-0.0043137	-0.1	0.0311638	0.000349791	51.89	0.661548	51.89	0	0	4.2428	4.13714	-0.174531	-4.04597	1.26088	-0.0411486	-0.953905	0.297273
0	-13	Box-155	0	-117.281	432.05	902.466	-0.00411348	-0.1	0.0327894	0.00035142	52.2264	0.670015	52.2264	0	0	4.14462	4.03896	-0.16182	-3.93403	1.28994	-0.0390562	-0.949498	0.311333
0	-13	Box-154	0	-120.96	336.05	934.772	-0.00316426	-0.1	0.0347358	0.000353391	52.5647	0.678675	52.5647	0	0	4.08144	3.97578	-0.121901	-3.85245	1.33818	-0.0298773	-0.944212	0.327979
0	-13	Box-153	0	-123.812	240.05	968.439	-0.00247164	-0.1	0.0350475	0.000353676	52.9043	0.687521	52.9043	0	0	4.01132	3.90566	-0.0935075	-3.78321	1.32592	-0.023319	-0.943462	0.33066
0	-13	Box-152	0	-125.987	144.05	1002.61	-0.00221875	-0.1	0.0358492	0.000354556	53.2444	0.696556	53.2444	0	0	3.92759	3.82193	-0.081984	-3.69505	1.32465	-0.0208814	-0.941134	0.337389
0	-13	Box-002	0	-127.704	48.05	1037.34	-0.00131935	-0.1	0.0362032	0.000354915	53.5851	0.705868	53.5851	0	0	3.80702	3.70136	-0.0472098	-3.57799	1.29537	-0.0124055	-0.940203	0.340389
0	-13	Box-225	0	-129.266	-47.95	1072.31	-0.0023504	-0.1	0.0367217	0.000355573	53.9261	0.7154	53.9261	0	0	3.7278	3.62214	-0.0821974	-3.49707	1.28418	-0.0220587	-0.938481	0.344625
0	-13	Box-226	0	-131.527	-143.95	1108.16	-0.00187359	-0.1	0.038578	0.000357729	54.2681	0.725152	54.2681	0	0	3.66067	3.55501	-0.0639528	-3.41339	1.31682	-0.0174775	-0.932839	0.35987
0	-13	Box-227	0	-133.372	-239.95	1145.63	-0.00210491	-0.1	0.0395478	0.000358926	54.6121	0.735117	54.6121	0	0	3.59683	3.49118	-0.0703605	-3.34268	1.32196	-0.0195702	-0.929742	0.367692
0	-13	Box-228	0	-135.518	-335.95	1184.04	-0.00215975	-0.1	0.0407149	0.000360386	54.9572	0.745337	54.9572	0	1.3068e-07	3.52011	3.41445	-0.0703673	-3.25812	1.32654	-0.0199991	-0.925991	0.377016
0	-13	Box-229	0	-138.248	-431.95	1223.72	-0.00281974	-0.1	0.0419217	0.000361983	55.304	0.755866	55.304	0	0	3.43603	3.33037	-0.0892807	-3.16627	1.32735	-0.025996	-0.921928	0.386488
0	-13	Box-230	0	-141.374	-527.95	1264.34	-0.00306025	-0.1	0.042903	0.000363289	55.652	0.766654	55.652	0	0	3.36957	3.26391	-0.09468	-3.09386	1.32736	-0.0281124	-0.918629	0.394119
0	-13	Box-231	0	-144.122	-623.95	1306.23	-0.0033109	-0.1	0.0441808	0.000365024	56.0017	0.777714	56.0017	0	0	3.29183	3.18617	-0.0995958	-3.00812	1.32901	-0.0302711	-0.914285	0.403938
0	-13	Box-232	0	-146.706	-719.95	1348.95	-0.00186082	-0.1	0.0450765	0.00036614	56.3525	0.78916	56.3525	0	0	3.18776	3.0821	-0.0540408	-2.90414	1.30908	-0.0169619	-0.911529	0.410886
0	-13	Box-233	0	-147.934	-815.95	1393.16	-0.000373084	-0.1	0.0473645	0.000369326	56.7053	0.801203	56.7053	0	3.56019e-08	2.95687	2.85121	-0.0099634	-2.67055	1.26489	-0.00337173	-0.903746	0.428055
0	-13	Box-234	0	-148.771	-911.95	1439.52	-0.00123897	-0.1	0.0488635	0.00037153	57.0611	0.814076	57.0611	0	1.18852e-07	2.87542	2.76976	-0.0319849	-2.58158	1.26145	-0.0111311	-0.898419	0.438999
0	-13	Box-235	0	-149.649	-1007.95	1487	-9.37995e-05	-0.1	0.0508528	0.000374484	57.4187	0.827358	57.4187	0	2.06359e-08	2.79932	2.69366	-0.00233884	-2.49344	1.26798	-0.000836097	-0.891366	0.453284
0	-13	Box-236	0	-149.441	-1103.95	1536.22	0.00140189	-0.1	0.051079	0.000374869	57.7788	0.841021	57.7788	0	0	2.73157	2.62591	0.0340742	-2.43059	1.24152	0.0124836	-0.890481	0.454849
0	-13	Box-237	0	-147.522	-1199.95	1585.37	0.00188583	-0.1	0.051334	0.000375299	58.1389	0.855147	58.1389	0	0	2.6496	2.54395	0.0444105	-2.35496	1.2089	0.0167745	-0.889505	0.456618
0	-13	Box-238	0	-145.477	-1295.95	1635.78	0.00268211	-0.1	0.0533186	0.000378441	58.5009	0.869754	58.5009	0	0	2.57416	2.4685	0.0608546	-2.26891	1.20975	0.0236605	-0.88216	0.470355
0	-13	Box-239	0	-142.678	-1391.95	1687.55	0.00306978	-0.1	0.0540035	0.000379576	58.8652	0.884862	58.8652	0	0	2.49399	2.38833	0.0672795	-2.19167	1.18358	0.0270009	-0.879572	0.474999
0	-13	Box-240	0	-139.848	-1487.95	1740.03	0.00252953	-0.1	0.0543393	0.000380089	59.2306	0.900568	59.2306	0	0	2.41083	2.30517	0.0535179	-2.11573	1.14967	0.0222203	-0.878439	0.477338
0	-13	Box-241	0	-138.072	-1583.95	1791.98	0.000693028	-0.1	0.0542028	0.000379813	59.5951	0.916792	59.5951	0	0	2.3232	2.21754	0.0141399	-2.04031	1.10591	0.0060927	-0.879142	0.47652
0	-13	Box-242	0	-136.709	-1679.95	1844.87	0.00305891	-0.1	0.0555892	0.000382199	59.9612	0.933688	59.9612	0	0	2.24366	2.138	0.0598982	-1.95815	1.08852	0.0267263	-0.87372	0.485694
0	-13	Box-243	0	-133.734	-1775.95	1899.95	0.00372786	-0.1	0.0594532	0.000388742	60.3309	0.951555	60.3309	0	3.57703e-08	2.1294	2.02374	0.0681136	-1.82715	1.0863	0.0320267	-0.859119	0.510773
0	-13	Box-244	0	-130.336	-1871.95	1958.03	0.0034316	-0.1	0.0617967	0.000392815	60.7059	0.970543	60.7059	0	7.67724e-08	2.0323	1.92664	0.059221	-1.72575	1.06646	0.0291794	-0.850314	0.525466
0	-13	Box-245	0	-126.895	-1967.95	2018.28	0.0034626	-0.1	0.0625908	0.000394281	61.0847	0.990707	61.0847	0	0	1.92251	1.81685	0.0563176	-1.62645	1.01801	0.0293381	-0.847287	0.530324
0	-13	Box-246	0	-124.14	-2063.95	2081.03	0.00274628	-0.1	0.0684714	0.000405038	61.468	1.01217	61.468	0	1.9606e-08	1.83851	1.73285	0.041581	-1.51408	1.03671	0.0226541	-0.824902	0.564822
0	-13	Box-247	0	-120.31	-2159.95	2148.64	0.0048983	-0.1	0.0725464	0.000413174	61.8606	1.03524	61.8606	0	7.82542e-08	1.75068	1.64502	0.0692306	-1.41336	1.02534	0.0396173	-0.808797	0.586752
0	-13	Box-248	0	-116.813	-2255.95	2219.43	0.00234027	-0.1	0.0746977	0.000417261	62.2594	1.05976	62.2594	0	0	1.66909	1.56344	0.0312261	-1.3343	0.996689	0.018746	-0.80102	0.598344
0	-13	Box-249	0	-115.469	-2351.95	2290.15	0.000407402	-0.1	0.071881	0.000411717	62.658	1.08557	62.658	0	0	1.58418	1.47853	0.00522889	-1.28347	0.922574	0.00330805	-0.811988	0.583665
0	-13	Box-250	0	-115.646	-2447.95	2361.76	0.000105393	-0.1	0.0761557	0.000420329	63.0585	1.11296	63.0585	0	1.57179e-08	1.49681	1.39115	0.0012519	-1.18784	0.904607	0.000838467	-0.795565	0.605868
0	-13	Box-251	0	-116.1	-2543.95	2434.67	-0.00196336	-0.1	0.0758433	0.000420141	63.4618	1.14339	63.4618	0	0	1.27721	1.17155	-0.0199089	-1.01402	0.769066	-0.0156414	-0.796666	0.604218
0	-13	Box-252	0	-118.505	-2639.95	2510.68	-0.00363261	-0.1	0.0811432	0.000431418	63.8719	1.17823	63.8719	0	0	1.19705	1.09139	-0.0336212	-0.925539	0.751012	-0.0281967	-0.776211	0.629842
0	-13	Box-253	0	-120.754	-2735.95	2591.27	-0.00260881	-0.1	0.0864262	0.000442994	64.2919	1.21664	64.2919	0	0	1.10547	0.999814	-0.0217102	-0.832398	0.719408	-0.0197291	-0.756442	0.653763
0	-13	Box-254	0	-122.745	-2831.95	2679.12	0.000372263	-0.1	0.0956112	0.000464025	64.7283	1.25998	64.7283	0	2.11533e-08	1.01384	0.908181	0.0027091	-0.7288	0.696815	0.00268675	-0.722787	0.691066
0	-13	Box-255	0	-119.694	-2927.95	2774.18	0.00562886	-0.1	0.105231	0.000487776	65.1819	1.30908	65.1819	0	1.70932e-08	0.926352	0.820694	0.0356581	-0.633486	0.666625	0.0387458	-0.688342	0.724351
0	-13	Box-256	0	-110.438	-3023.95	2900.56	0.0107529	-0.1	0.151597	0.000611927	65.7176	1.37366	65.7176	0	0	0.821282	0.715623	0.0481392	-0.447685	0.678676	0.059106	-0.549673	0.833287
0	-13	Box-257	0	-90.1065	-3119.95	3064.8	0.0345019	-0.1	0.191332	0.00073791	66.3634	1.46329	66.3634	0	1.42853e-07	0.692416	0.586758	0.107991	-0.313	0.59887	0.157811	-0.457397	0.875148
0	-13	Box-258	0	-55.4803	-3215.95	3283.81	0.0308689	-0.1	0.261188	0.000958645	67.1839	1.60757	67.1839	0	0	0.518974	0.413316	0.0557428	-0.180579	0.471651	0.109707	-0.355397	0.928255
