eid	pid	detectorId	is_primary	posx	posy	posz	del_posx	del_posy	del_posz	del_t	globTime	propTime	localTime	ni_edep	tot_edep	tot_E	tot_KE	momx	momy	momz	px	py	pz
0	-13	Box-224	0	0.161459	7056.05	0.159928	0.000214815	-0.1	-0.000153566	0.000333603	9.82138	0.146068	9.82138	0	0	7.03103	6.92537	0.0151019	-7.03021	-0.010796	0.00214814	-0.999997	-0.00153565
0	-13	Box-223	0	0.303945	6960.05	0.24324	3.422e-05	-0.1	0.000160199	0.000333603	10.1416	0.150901	10.1416	0	0	6.96328	6.85762	0.00238256	-6.96246	0.0111538	0.0003422	-0.999999	0.00160199
0	-13	Box-222	0	0.159331	6864.05	1.02631	-0.000416674	-0.1	0.00156406	0.000333647	10.4619	0.155788	10.4619	0	0	6.88276	6.77711	-0.0286716	-6.88105	0.107624	-0.0041662	-0.999869	0.0156385
0	-13	Box-221	0	-0.0890393	6768.05	2.57883	-0.000223003	-0.1	0.0014808	0.000333642	10.7822	0.160718	10.7822	0	2.20063e-08	6.82136	6.7157	-0.0152083	-6.81978	0.100987	-0.00222978	-0.999888	0.0148063
0	-13	Box-220	0	-0.909769	6672.05	4.5788	-0.0015038	-0.1	0.00274274	0.000333768	11.1026	0.165702	11.1026	0	0	6.74726	6.64161	-0.101404	-6.74314	0.184947	-0.0150307	-0.999511	0.027414
0	-13	Box-219	0	-2.14088	6576.05	7.27842	-0.00103844	-0.1	0.00312694	0.000333787	11.423	0.170746	11.423	0	0	6.66599	6.56033	-0.0691762	-6.66154	0.208302	-0.0103788	-0.999458	0.0312524
0	-13	Box-218	0	-3.06122	6480.05	10.0291	-0.000813326	-0.1	0.00252967	0.000333725	11.7434	0.175851	11.7434	0	0	6.59083	6.48517	-0.0535791	-6.58766	0.166646	-0.00813039	-0.999647	0.0252877
0	-13	Box-217	0	-3.78323	6384.05	12.944	-0.000711916	-0.1	0.00357122	0.000333829	12.0638	0.181008	12.0638	0	4.84028e-08	6.52571	6.42005	-0.0464207	-6.52053	0.232863	-0.00711444	-0.999338	0.0356886
0	-13	Box-216	0	-4.57019	6288.05	16.9658	-0.000927652	-0.1	0.004707	0.000333993	12.3844	0.186225	12.3844	0	4.01401e-08	6.45294	6.34728	-0.059784	-6.44466	0.30335	-0.00926586	-0.998851	0.0470159
0	-13	Box-215	0	-5.16295	6192.05	21.7213	-0.000251776	-0.1	0.00535247	0.000334089	12.705	0.191515	12.705	0	0	6.35719	6.25153	-0.0159808	-6.34721	0.339733	-0.00251416	-0.998567	0.0534481
0	-13	Box-214	0	-5.462	6096.05	27.1111	-0.00039254	-0.1	0.00616746	0.000334249	13.0258	0.196898	13.0258	0	0	6.19343	6.08777	-0.0242618	-6.18074	0.381195	-0.00391792	-0.998096	0.0615572
0	-13	Box-213	0	-5.65423	6000.05	33.0241	-9.94786e-06	-0.1	0.00631003	0.000334278	13.3467	0.202425	13.3467	0	0	6.0785	5.97284	-0.000603389	-6.06552	0.382736	-9.92811e-05	-0.998015	0.0629751
0	-13	Box-212	0	-5.5701	5904.05	39.3256	0.000460172	-0.1	0.00694324	0.000334422	13.6677	0.208016	13.6677	0	0	6.01747	5.91181	0.0276197	-6.00203	0.416735	0.00459062	-0.997588	0.0692649
0	-13	Box-211	0	-5.12175	5808.05	46.3389	0.000391409	-0.1	0.00778988	0.00033463	13.9888	0.213683	13.9888	0	5.9516e-08	5.94727	5.84162	0.023204	-5.92833	0.46181	0.00390224	-0.996972	0.0776629
0	-13	Box-210	0	-4.76073	5712.05	54.0798	0.000357745	-0.1	0.00811079	0.000334716	14.3101	0.219417	14.3101	0	0	5.88191	5.77625	0.0209699	-5.86168	0.475428	0.00356572	-0.996721	0.0808419
0	-13	Box-209	0	-4.47584	5616.05	61.8456	0.000188649	-0.1	0.00817402	0.000334732	14.6314	0.225216	14.6314	0	0	5.81548	5.70982	0.0109326	-5.79518	0.473699	0.00188022	-0.996674	0.0814683
0	-13	Box-208	0	-4.02283	5520.05	69.7468	0.000620071	-0.1	0.00853757	0.00033484	14.9528	0.23108	14.9528	0	0	5.75126	5.6456	0.0355259	-5.72933	0.489146	0.00617812	-0.996356	0.0850646
0	-13	Box-207	0	-3.51418	5424.05	78.2676	0.000176075	-0.1	0.00953752	0.000335136	15.2743	0.237	15.2743	0	1.84519e-08	5.69294	5.58728	0.00997682	-5.66624	0.540419	0.00175279	-0.995481	0.0949442
0	-13	Box-206	0	-3.27855	5328.05	87.6146	0.000339488	-0.1	0.00975286	0.000335208	15.5961	0.243	15.5961	0	0	5.62819	5.52253	0.0190133	-5.60059	0.546218	0.00337883	-0.995272	0.0970675
0	-13	Box-205	0	-2.89544	5232.05	97.0726	0.0006218	-0.1	0.00960439	0.000335166	15.918	0.249056	15.918	0	1.08385e-08	5.56544	5.45979	0.0344405	-5.53885	0.531972	0.0061894	-0.9954	0.0956021
0	-13	Box-204	0	-1.55412	5136.05	106.533	0.00219821	-0.1	0.00975736	0.000335291	16.2398	0.255208	16.2398	0	0	5.48441	5.37875	0.119938	-5.45617	0.532378	0.021873	-0.995035	0.0970891
0	-13	Box-203	0	0.3889	5040.05	116.011	0.00205709	-0.1	0.00994877	0.000335345	16.5617	0.261442	16.5617	0	8.35673e-08	5.40487	5.29922	0.110593	-5.37617	0.534863	0.0204656	-0.994879	0.0989782
0	-13	Box-202	0	2.44875	4944.05	125.951	0.00231353	-0.1	0.0107138	0.000335627	16.8838	0.267762	16.8838	0	0	5.34124	5.23558	0.122812	-5.3084	0.56873	0.0229976	-0.994047	0.1065
0	-13	Box-201	0	4.85784	4848.05	136.106	0.00296418	-0.1	0.0102616	0.000335529	17.206	0.274163	17.206	0	0	5.27634	5.17068	0.155484	-5.24544	0.538264	0.0294741	-0.994344	0.102035
0	-13	Box-200	0	7.63031	4752.05	146.083	0.00298508	-0.1	0.0106406	0.000335669	17.5281	0.280708	17.5281	0	0	5.03732	4.93166	0.149425	-5.00574	0.532641	0.0296702	-0.993949	0.105762
0	-13	Box-199	0	10.5583	4656.05	156.501	0.00306859	-0.1	0.0111339	0.000335857	17.8504	0.287496	17.8504	0	3.86654e-08	4.97175	4.86609	0.151521	-4.93781	0.54977	0.0304833	-0.993397	0.110604
0	-13	Box-198	0	13.7361	4560.05	167.782	0.0033565	-0.1	0.0125044	0.000336428	18.1731	0.294422	18.1731	0	0	4.86558	4.75993	0.161924	-4.82417	0.603235	0.0332872	-0.991723	0.124009
0	-13	Box-197	0	16.8957	4464.05	180.031	0.00304479	-0.1	0.0129823	0.000336598	18.4962	0.301456	18.4962	0	0	4.80254	4.69688	0.144909	-4.75925	0.617861	0.0301808	-0.991226	0.128684
0	-13	Box-196	0	19.6124	4368.05	192.855	0.0025614	-0.1	0.0132978	0.000336693	18.8195	0.308608	18.8195	0	5.31846e-08	4.73595	4.63029	0.120179	-4.69194	0.623924	0.0253823	-0.990955	0.131775
0	-13	Box-195	0	21.8158	4272.05	206.005	0.00199898	-0.1	0.0140884	0.000337011	19.1428	0.315876	19.1428	0	0	4.65407	4.54841	0.0920822	-4.60647	0.648979	0.0197904	-0.990027	0.139479
0	-13	Box-194	0	23.8085	4176.05	219.902	0.00224543	-0.1	0.0150449	0.000337493	19.4666	0.323295	19.4666	0	2.99229e-08	4.53919	4.43353	0.100738	-4.48635	0.674967	0.0221989	-0.988627	0.148738
0	-13	Box-193	0	26.2468	4080.05	234.355	0.00301802	-0.1	0.0152186	0.00033765	19.7906	0.330894	19.7906	0	1.79577e-08	4.46251	4.35685	0.13305	-4.40852	0.670916	0.0298234	-0.988177	0.150387
0	-13	Box-192	0	29.2364	3984.05	249.325	0.00286664	-0.1	0.0157907	0.000337931	20.1149	0.338646	20.1149	0	8.05777e-08	4.37664	4.27099	0.123841	-4.32009	0.682171	0.0283042	-0.987365	0.155912
0	-13	Box-191	0	31.9505	3888.05	264.63	0.00257815	-0.1	0.0161173	0.00033808	20.4394	0.346534	20.4394	0	2.21117e-07	4.30528	4.19962	0.109514	-4.24778	0.684625	0.0254448	-0.98694	0.159068
0	-13	Box-190	0	34.2899	3792.05	280.561	0.00239661	-0.1	0.0169608	0.000338528	20.7642	0.35457	20.7642	0	0	4.22491	4.11925	0.0997699	-4.16295	0.70607	0.0236221	-0.985645	0.167173
0	-13	Box-189	0	36.4993	3696.05	296.836	0.00218278	-0.1	0.0165565	0.000338292	21.0892	0.362735	21.0892	0	5.22138e-08	4.16339	4.05773	0.0896076	-4.1052	0.679678	0.0215297	-0.986341	0.163304
0	-13	Box-188	0	38.4042	3600.05	312.68	0.00194646	-0.1	0.0171472	0.000338608	21.4139	0.371057	21.4139	0	0	4.08076	3.9751	0.078247	-4.01997	0.689314	0.0191811	-0.985434	0.168975
0	-13	Box-187	0	40.055	3504.05	329.375	0.00164204	-0.1	0.0179659	0.000339067	21.7391	0.379554	21.7391	0	0	4	3.89434	0.0646156	-3.93508	0.706973	0.0161595	-0.984113	0.176805
0	-13	Box-186	0	41.575	3408.05	346.968	0.00151704	-0.1	0.0186652	0.000339485	22.0648	0.388207	22.0648	0	0	3.9359	3.83024	0.0586678	-3.86725	0.721828	0.0149112	-0.982914	0.183462
0	-13	Box-185	0	43.1885	3312.05	365.116	0.00199784	-0.1	0.0189639	0.000339702	22.3909	0.397011	22.3909	0	4.79621e-08	3.85762	3.75196	0.0756766	-3.78792	0.718339	0.0196248	-0.9823	0.186283
0	-13	Box-184	0	45.6207	3216.05	383.615	0.00270478	-0.1	0.019713	0.000340236	22.7172	0.406028	22.7172	0	0	3.7846	3.67894	0.100358	-3.71038	0.731429	0.0265278	-0.980773	0.19334
0	-13	Box-183	0	48.2103	3120.05	402.963	0.00280644	-0.1	0.0206354	0.000340859	23.0441	0.415205	23.0441	0	3.35761e-08	3.71443	3.60878	0.102012	-3.63494	0.750086	0.0274749	-0.978996	0.20202
0	-13	Box-182	0	51.2387	3024.05	422.888	0.00351853	-0.1	0.0214785	0.000341517	23.3715	0.424584	23.3715	0	0	3.64485	3.53919	0.125259	-3.55998	0.764631	0.0343804	-0.977124	0.209872
0	-13	Box-181	0	54.5602	2928.05	443.825	0.00334226	-0.1	0.0223151	0.000342101	23.6995	0.434181	23.6995	0	0	3.56321	3.45755	0.11612	-3.4743	0.775294	0.0326029	-0.975476	0.217679
0	-13	Box-180	0	57.8631	2832.05	465.837	0.00307882	-0.1	0.0231541	0.000342699	24.0284	0.443994	24.0284	0	0	3.49702	3.39137	0.104797	-3.40381	0.78812	0.0299812	-0.973788	0.225472
0	-13	Box-179	0	60.9719	2736.05	488.086	0.00348799	-0.1	0.0230101	0.000342641	24.3574	0.454001	24.3574	0	0	3.4324	3.32674	0.11655	-3.34147	0.768875	0.033972	-0.973971	0.224111
0	-13	Box-178	0	63.9893	2640.05	510.671	0.00251125	-0.1	0.0237044	0.000343082	24.6867	0.464256	24.6867	0	2.62764e-08	3.34021	3.23455	0.0815542	-3.24755	0.769812	0.0244281	-0.972746	0.230583
0	-13	Box-177	0	66.6912	2544.05	534.139	0.00331961	-0.1	0.0251264	0.000344291	25.0167	0.4748	25.0167	0	0	3.26611	3.16045	0.105044	-3.16435	0.795087	0.0321787	-0.969351	0.243563
0	-13	Box-176	0	69.7204	2448.05	558.374	0.00343894	-0.1	0.0252032	0.000344375	25.3473	0.485589	25.3473	0	0	3.18902	3.08336	0.106226	-3.08891	0.778503	0.0333281	-0.969139	0.244254
0	-13	Box-175	0	73.3151	2352.05	582.574	0.00423065	-0.1	0.0251582	0.000344457	25.6779	0.496774	25.6779	0	0	3.0305	2.92484	0.124155	-2.93466	0.738307	0.0409935	-0.968965	0.243774
0	-13	Box-174	0	76.8094	2256.05	606.724	0.00274347	-0.1	0.0253576	0.000344467	26.0085	0.508483	26.0085	0	0	2.92943	2.82377	0.0778243	-2.83671	0.719322	0.0265837	-0.968979	0.24571
0	-13	Box-173	0	79.6345	2160.05	631.383	0.00334749	-0.1	0.0264126	0.000345421	26.3395	0.520537	26.3395	0	1.92794e-08	2.85434	2.74868	0.0922691	-2.75637	0.728029	0.0323481	-0.966338	0.255235
0	-13	Box-172	0	82.6237	2064.05	657.562	0.00257225	-0.1	0.0284067	0.000347153	26.6718	0.533386	26.6718	0	0	2.60614	2.50049	0.0644125	-2.50413	0.711342	0.024736	-0.961647	0.273173
0	-13	Box-171	0	85.0082	1968.05	685.613	0.00141888	-0.1	0.0295956	0.000348202	27.0058	0.547105	27.0058	0	0	2.53057	2.42491	0.0343964	-2.42419	0.717454	0.0136042	-0.958798	0.283762
0	-13	Box-170	0	85.6464	1872.05	715.126	-0.00102671	-0.1	0.0319241	0.000350489	27.3412	0.561269	27.3412	0	0	2.46254	2.35688	-0.0240623	-2.34363	0.748181	-0.00978033	-0.952588	0.304105
0	-13	Box-169	0	84.7053	1776.05	745.88	-0.000564883	-0.1	0.0319872	0.00035056	27.6778	0.575891	27.6778	0	0	2.39315	2.28749	-0.0128631	-2.27712	0.728388	-0.0053802	-0.952446	0.304661
0	-13	Box-168	0	83.7521	1680.05	776.971	-0.0018008	-0.1	0.0324213	0.000351075	28.0147	0.590989	28.0147	0	0	2.31224	2.20658	-0.0395619	-2.1969	0.712265	-0.0171277	-0.951114	0.308364
0	-13	Box-167	0	81.7719	1584.05	808.882	-0.00264057	-0.1	0.0342962	0.000353139	28.3526	0.606612	28.3526	0	0	2.24185	2.13619	-0.0559164	-2.11758	0.72625	-0.0249698	-0.945621	0.324312
0	-13	Box-166	0	78.6086	1488.05	843.374	-0.00417182	-0.1	0.0370189	0.000356384	28.6935	0.622909	28.6935	0	0	2.16369	2.05803	-0.0844853	-2.02514	0.749685	-0.0390936	-0.937087	0.346899
0	-13	Box-165	0	75.084	1392.05	880.292	-0.0030719	-0.1	0.0407408	0.000360792	29.0372	0.639932	29.0372	0	0	2.08896	1.9833	-0.0593279	-1.93131	0.78683	-0.0284372	-0.925718	0.377145
0	-13	Box-164	0	72.5798	1296.05	919.996	-0.00276821	-0.1	0.0424257	0.000362965	29.3843	0.657821	29.3843	0	0	2.0036	1.89795	-0.0509712	-1.84131	0.781187	-0.0254752	-0.920278	0.390434
0	-13	Box-163	0	69.8902	1200.05	962.285	-0.00203882	-0.1	0.0462849	0.000368196	29.7349	0.676766	29.7349	0	8.81907e-08	1.89695	1.79129	-0.0350377	-1.71852	0.795417	-0.0184993	-0.907351	0.419966
0	-13	Box-162	0	67.7504	1104.05	1008.99	-0.00290237	-0.1	0.0515154	0.000375982	30.0917	0.697013	30.0917	0	0	1.82134	1.71568	-0.0468982	-1.61586	0.832417	-0.0257927	-0.888678	0.457806
0	-13	Box-161	0	64.7633	1008.05	1059.62	-0.00233912	-0.1	0.0542335	0.000380239	30.4545	0.71842	30.4545	0	2.68642e-08	1.74597	1.64032	-0.0358273	-1.53166	0.83067	-0.0205576	-0.87886	0.476636
0	-13	Box-160	0	61.1453	912.05	1112.41	-0.00541739	-0.1	0.0557821	0.000383157	30.8209	0.741064	30.8209	0	1.54215e-08	1.65885	1.55319	-0.0782348	-1.44414	0.805572	-0.0472581	-0.87234	0.486609
0	-13	Box-159	0	56.0488	816.05	1167.46	-0.00575074	-0.1	0.059466	0.000389424	31.1912	0.765097	31.1912	0	9.64684e-09	1.58701	1.48135	-0.078181	-1.35935	0.808382	-0.0493727	-0.858454	0.510509
0	-13	Box-158	0	50.6951	720.05	1226.3	-0.00553524	-0.1	0.0648315	0.00039893	31.5682	0.790674	31.5682	0	0	1.51643	1.41078	-0.0701848	-1.26796	0.822041	-0.0463956	-0.838185	0.543409
0	-13	Box-157	0	45.1798	624.05	1289.41	-0.00680362	-0.1	0.0673502	0.0004039	31.9528	0.81801	31.9528	0	0	1.43494	1.32928	-0.0806349	-1.18505	0.79815	-0.0563469	-0.828101	0.55774
0	-13	Box-156	0	39.0844	528.05	1356.78	-0.00549525	-0.1	0.071943	0.000412582	32.3457	0.847652	32.3457	0	0	1.35561	1.24995	-0.0602269	-1.09598	0.788482	-0.0445635	-0.810947	0.58342
0	-13	Box-155	0	34.8235	432.05	1427.88	-0.00250078	-0.1	0.0747691	0.000418041	32.7458	0.879795	32.7458	0	5.60591e-08	1.26353	1.15787	-0.0252129	-1.0082	0.753822	-0.0200244	-0.800726	0.598696
0	-13	Box-154	0	31.1049	336.05	1499.82	-0.00642422	-0.1	0.0728205	0.000414836	33.1477	0.914065	33.1477	0	6.43917e-08	1.18749	1.08184	-0.0613416	-0.954849	0.695326	-0.0518621	-0.807289	0.587873
0	-13	Box-153	0	26.4697	240.05	1572.19	-0.000960589	-0.1	0.079342	0.00042781	33.5508	0.951282	33.5508	0	0	1.09533	0.98967	-0.00820372	-0.85403	0.677604	-0.00752482	-0.783355	0.621529
0	-13	Box-152	0	23.8967	144.05	1648.11	-0.00313275	-0.1	0.0779678	0.000425517	33.9613	0.992769	33.9613	0	0	0.992599	0.886941	-0.024376	-0.778104	0.606671	-0.0246981	-0.788385	0.614687
0	-13	Box-002	0	19.6046	48.05	1724.92	-0.0117954	-0.1	0.0812024	0.0004345	34.3745	1.03849	34.3745	0	7.06781e-08	0.898646	0.792988	-0.0813751	-0.68989	0.560207	-0.0911855	-0.773061	0.627744
0	-13	Box-225	0	7.29664	-47.95	1807.16	-0.0145849	-0.1	0.0917778	0.000459244	34.8014	1.09039	34.8014	0	0	0.814292	0.708633	-0.0862603	-0.591455	0.542814	-0.106836	-0.732536	0.672293
0	-13	Box-226	0	-9.5524	-143.95	1896.79	-0.0182693	-0.1	0.0963094	0.000472124	35.2473	1.15083	35.2473	0	0	0.726416	0.620757	-0.0937632	-0.513229	0.494288	-0.130464	-0.714117	0.687762
0	-13	Box-227	0	-24.8385	-239.95	1998.62	-0.0193843	-0.1	0.126809	0.000550618	35.7238	1.22589	35.7238	0	3.97159e-08	0.619748	0.514089	-0.0727773	-0.375445	0.476097	-0.119175	-0.614803	0.779625
0	-13	Box-228	0	-39.2476	-335.95	2132.91	-0.00829174	-0.1	0.15205	0.000621637	36.2871	1.33075	36.2871	0	0	0.501428	0.39577	-0.0223101	-0.269064	0.409113	-0.045515	-0.54892	0.834635
0	-13	Box-229	0	-50.4624	-431.95	2300.43	-0.00872405	-0.1	0.196441	0.000767769	36.9532	1.49227	36.9532	0	0	0.370332	0.264674	-0.0140364	-0.160903	0.316063	-0.0395458	-0.453324	0.890468
0	-13	Box-230	0	-113.542	-527.95	2565.33	-0.106861	-0.1	0.290716	0.0017303	38.1406	2.10522	38.1406	0	6.36243e-08	0.135696	0.0300378	-0.027955	-0.0261603	0.076052	-0.328321	-0.307242	0.893201
