eid	pid	detectorId	is_primary	posx	posy	posz	del_posx	del_posy	del_posz	del_t	globTime	propTime	localTime	ni_edep	tot_edep	tot_E	tot_KE	momx	momy	momz	px	py	pz
0	-13	Box-218	0	3.39524e-07	6480.05	8.47102e-07	2.60098e-07	-0.1	6.48936e-07	0.000333675	0.0669018	0.00172171	0.0669018	0	0	4.10565	3.99999	1.06752e-05	-4.10429	2.66342e-05	2.60098e-06	-1	6.48936e-06
0	-13	Box-217	0	0.139871	6384.05	0.364701	0.000705382	-0.1	0.000793786	0.000333697	0.387237	0.0100193	0.387237	0	0	4.03327	3.92761	0.0284386	-4.03166	0.0320028	0.00705342	-0.999944	0.00793742
0	-13	Box-216	0	0.925977	6288.05	1.67737	0.00121661	-0.1	0.00161339	0.000333752	0.707614	0.0184886	0.707614	0	0	3.94631	3.84066	0.0479841	-3.9441	0.0636335	0.0121636	-0.999796	0.0161306
0	-13	Box-215	0	2.10468	6192.05	3.52246	0.00158143	-0.1	0.00250772	0.000333834	1.02804	0.027123	1.02804	0	0	3.88332	3.77766	0.0613623	-3.88017	0.0973039	0.0158074	-0.999561	0.0250662
0	-13	Box-214	0	3.69433	6096.05	6.26946	0.00223087	-0.1	0.00357515	0.000333991	1.34856	0.035965	1.34856	0	0	3.77163	3.66598	0.0840326	-3.76681	0.134669	0.0222889	-0.999113	0.0357198
0	-13	Box-213	0	6.06202	6000.05	10.0758	0.00261701	-0.1	0.00420439	0.000334109	1.66926	0.0450161	1.66926	0	0	3.70263	3.59697	0.096746	-3.69659	0.155396	0.0261396	-0.998776	0.0419862
0	-13	Box-212	0	8.76548	5904.05	14.51	0.003298	-0.1	0.00518397	0.000334335	1.99009	0.0542433	1.99009	0	0	3.63093	3.52527	0.119472	-3.62256	0.187792	0.0329179	-0.998118	0.0517421
0	-13	Box-211	0	11.7049	5808.05	19.7358	0.00293389	-0.1	0.00545443	0.00033435	2.31107	0.0636607	2.31107	0	6.00716e-08	3.56089	3.45523	0.104227	-3.55252	0.193769	0.0292828	-0.998088	0.05444
0	-13	Box-210	0	14.9335	5712.05	24.9441	0.00324778	-0.1	0.00536542	0.000334372	2.63209	0.0732561	2.63209	0	0	3.49689	3.39123	0.113297	-3.48844	0.18717	0.0324141	-0.998039	0.053549
0	-13	Box-209	0	17.8253	5616.05	30.8587	0.00282666	-0.1	0.00685984	0.000334641	2.95322	0.0830495	2.95322	0	1.92576e-08	3.4226	3.31694	0.0964342	-3.41159	0.23403	0.0281891	-0.997259	0.0684103
0	-13	Box-208	0	21.2715	5520.05	38.745	0.00376919	-0.1	0.00900261	0.000335321	3.27491	0.093143	3.27491	0	0	3.29619	3.19053	0.123589	-3.27892	0.295188	0.0375136	-0.995271	0.0896003
0	-13	Box-207	0	24.6142	5424.05	47.9133	0.00191032	-0.0608651	0.00627827	0.00020431	3.59682	0.103556	3.59682	0	1.97432e-08	3.22647	3.12081	0.100624	-3.20615	0.330751	0.0312039	-0.994237	0.102567
0	-13	Box-207	0	24.6161	5423.99	47.9195	0.00122824	-0.0391349	0.00403721	0.000131367	3.59695	0.10356	3.59695	0	6.43725e-09	3.22647	3.12081	0.100624	-3.20615	0.330751	0.0312039	-0.994237	0.102567
0	-13	Box-206	0	27.7322	5328.05	58.4613	0.00337014	-0.1	0.0115588	0.000336162	3.91945	0.114209	3.91945	0	0	3.15464	3.04899	0.105494	-3.13027	0.361822	0.0334598	-0.99283	0.114759
0	-13	Box-205	0	30.502	5232.05	70.1036	0.00290954	-0.1	0.0123808	0.00033647	4.24235	0.12554	4.24235	0	5.35032e-08	2.92739	2.82173	0.084438	-2.90211	0.359304	0.0288629	-0.992009	0.122819
0	-13	Box-204	0	33.6795	5136.05	82.7633	0.00382689	-0.1	0.0140168	0.000337298	4.56575	0.137332	4.56575	0	0	2.85668	2.75102	0.108112	-2.82506	0.395984	0.0378712	-0.989608	0.138712
0	-13	Box-203	0	37.3958	5040.05	96.8847	0.00401634	-0.1	0.0160068	0.000338318	4.88988	0.149379	4.88988	0	0	2.79587	2.69021	0.110714	-2.75658	0.44124	0.0396274	-0.986655	0.157931
0	-13	Box-202	0	40.7989	4944.05	112.345	0.00283557	-0.1	0.0161977	0.000338297	5.21467	0.161751	5.21467	0	4.19339e-08	2.73279	2.62713	0.0764061	-2.69456	0.436457	0.0279799	-0.986748	0.159831
0	-13	Box-201	0	42.8314	4848.05	128.378	0.00139885	-0.1	0.0173276	0.000338833	5.53966	0.174453	5.53966	0	0	2.66569	2.56003	0.0367091	-2.62423	0.454717	0.0137818	-0.985224	0.170716
0	-13	Box-200	0	44.1215	4752.05	145.694	0.000997165	-0.1	0.0191804	0.000339945	5.86535	0.187543	5.86535	0	1.84166e-08	2.58654	2.48088	0.025308	-2.538	0.486798	0.00979267	-0.982051	0.188361
0	-13	Box-199	0	44.6411	4656.05	164.549	-9.74699e-05	-0.1	0.020344	0.000340697	6.19198	0.201042	6.19198	0	0	2.51745	2.41179	-0.00240239	-2.46475	0.501429	-0.000955134	-0.979927	0.199357
0	-13	Box-198	0	44.1308	4560.05	185.459	-0.000711121	-0.1	0.0233745	0.000342891	6.52004	0.21504	6.52004	0	1.16594e-07	2.41824	2.31258	-0.0167288	-2.35246	0.549875	-0.00692439	-0.973729	0.227604
0	-13	Box-197	0	43.789	4464.05	208.476	0.000194147	-0.1	0.0235259	0.000343019	6.84967	0.229624	6.84967	0	1.84751e-08	2.34735	2.2417	0.0044317	-2.28265	0.537015	0.00188987	-0.973423	0.229007
0	-13	Box-196	0	43.76	4368.05	231.587	0.000615432	-0.1	0.0254647	0.000344587	7.17939	0.244633	7.17939	0	0	2.27721	2.17155	0.0135664	-2.20436	0.561335	0.00596388	-0.969056	0.246767
0	-13	Box-195	0	44.4793	4272.05	257.066	0.000809658	-0.1	0.0275549	0.000346408	7.5111	0.260293	7.5111	0	0	2.19534	2.08969	0.0171157	-2.11395	0.582496	0.00780543	-0.964041	0.265641
0	-13	Box-194	0	45.6741	4176.05	284.213	0.00213246	-0.1	0.0281065	0.000346992	7.84431	0.276558	7.84431	0	0	2.12444	2.01878	0.0435498	-2.04223	0.573999	0.0205248	-0.962495	0.270523
0	-13	Box-193	0	47.9781	4080.05	312.053	0.00224026	-0.1	0.0298744	0.000348676	8.17826	0.293457	8.17826	0	2.67756e-08	2.0472	1.94154	0.043875	-1.95848	0.585082	0.0214603	-0.957936	0.286177
0	-13	Box-192	0	49.9179	3984.05	341.119	0.00129176	-0.1	0.0303958	0.000349155	8.51336	0.310932	8.51336	0	0	1.98395	1.87829	0.0244834	-1.89536	0.576109	0.0123583	-0.956705	0.290798
0	-13	Box-191	0	51.0737	3888.05	370.382	0.00158857	-0.1	0.0303483	0.000349158	8.84864	0.329029	8.84864	0	0	1.91674	1.81108	0.0290889	-1.83113	0.555718	0.0151993	-0.956794	0.290371
0	-13	Box-190	0	53.7277	3792.05	399.662	0.00411377	-0.1	0.0296952	0.0003488	9.18408	0.347799	9.18408	0	1.40987e-06	1.85013	1.74447	0.0727853	-1.76931	0.5254	0.0394051	-0.957882	0.284445
0	-13	Box-189	0	58.0891	3696.05	428.042	0.00440281	-0.1	0.030108	0.000349275	9.51889	0.367143	9.51889	0	3.2714e-08	1.7883	1.68264	0.075194	-1.70786	0.514204	0.0421213	-0.956691	0.288041
0	-13	Box-188	0	62.4402	3600.05	457.293	0.00476762	-0.1	0.0316654	0.000350927	9.85458	0.387423	9.85458	0	3.0239e-08	1.70136	1.5957	0.0771014	-1.61719	0.512088	0.0454051	-0.952362	0.301569
0	-13	Box-187	0	67.1203	3504.05	487.856	0.00445474	-0.1	0.0319299	0.000351214	10.1917	0.408744	10.1917	0	0	1.62485	1.5192	0.0687456	-1.5432	0.492743	0.0423985	-0.951761	0.303897
0	-13	Box-186	0	71.1531	3408.05	520.857	0.0039854	-0.1	0.0365736	0.000356382	10.5315	0.432513	10.5315	0	0	1.441	1.33534	0.0537525	-1.34874	0.493282	0.037403	-0.938501	0.343244
0	-13	Box-185	0	71.8296	3312.05	557.48	-0.00394349	-0.1	0.0396466	0.000360165	10.8754	0.458409	10.8754	0	0	1.35297	1.24732	-0.0494139	-1.25305	0.496791	-0.0366343	-0.928981	0.368309
0	-13	Box-184	0	67.0067	3216.05	596.4	-0.00691328	-0.1	0.0416963	0.00036339	11.2224	0.486254	11.2224	0	1.09863e-07	1.27205	1.16639	-0.0807228	-1.16765	0.486866	-0.0636787	-0.921106	0.384068
0	-13	Box-183	0	61.4199	3120.05	638.744	-0.00231083	-0.1	0.0490105	0.000372984	11.5743	0.515869	11.5743	0	0	1.20716	1.1015	-0.0249765	-1.07958	0.529103	-0.02077	-0.897762	0.439992
0	-13	Box-182	0	59.1184	3024.05	685.592	-0.00323936	-0.1	0.0474981	0.000371042	11.9322	0.547942	11.9322	0	0	1.13774	1.03208	-0.033133	-1.02283	0.485823	-0.0292481	-0.902898	0.428859
0	-13	Box-181	0	54.0221	2928.05	735.026	-0.0076557	-0.1	0.055057	0.00038355	12.2946	0.582683	12.2946	0	6.80498e-08	1.05862	0.95296	-0.0704827	-0.920657	0.506886	-0.066914	-0.874042	0.481221
0	-13	Box-180	0	44.972	2832.05	791.013	-0.0126382	-0.1	0.0636711	0.000400002	12.6687	0.621158	12.6687	0	0	0.982207	0.876548	-0.103516	-0.819071	0.521512	-0.106006	-0.838776	0.534058
0	-13	Box-179	0	32.538	2736.05	854.536	-0.0138025	-0.1	0.0699606	0.000412594	13.0575	0.664884	13.0575	0	3.83409e-08	0.891601	0.785942	-0.0994908	-0.72082	0.50429	-0.112379	-0.814193	0.569614
0	-13	Box-178	0	22.6401	2640.05	923.411	-0.00399221	-0.1	0.0729017	0.000416562	13.4562	0.713948	13.4562	0	0	0.81087	0.705211	-0.0259219	-0.649311	0.473359	-0.0322429	-0.807645	0.588787
0	-13	Box-177	0	18.9689	2544.05	996.903	-0.00350031	-0.1	0.0817337	0.000435457	13.8634	0.768216	13.8634	0	0	0.737681	0.632023	-0.0197789	-0.565073	0.461856	-0.0270916	-0.773993	0.632614
0	-13	Box-176	0	14.8487	2448.05	1080.06	-0.00398648	-0.1	0.0929244	0.00046149	14.2924	0.832367	14.2924	0	0	0.660302	0.554644	-0.0190261	-0.477267	0.443497	-0.0291904	-0.732236	0.680426
0	-13	Box-175	0	17.5272	2352.05	1170.11	0.0148131	-0.1	0.0945607	0.000469852	14.7387	0.908595	14.7387	0	0	0.570918	0.46526	0.06004	-0.405317	0.383271	0.107012	-0.722419	0.683125
0	-13	Box-174	0	27.0894	2256.05	1264.91	0.00384948	-0.1	0.108009	0.000503744	15.1999	1.00141	15.1999	0	0	0.475658	0.369999	0.0121247	-0.31497	0.340196	0.0261436	-0.679145	0.733538
0	-13	Box-173	0	26.3089	2160.05	1380.53	-0.0108749	-0.1	0.14407	0.000610524	15.7181	1.12767	15.7181	0	0	0.377396	0.271737	-0.0224233	-0.206193	0.297061	-0.061891	-0.569117	0.819924
0	-13	Box-172	0	10.0179	2064.05	1526.12	-0.0332311	-0.1	0.162791	0.000703997	16.3381	1.32993	16.3381	0	5.71891e-08	0.26772	0.162062	-0.0421536	-0.126868	0.20649	-0.171364	-0.515746	0.839429
