eid	pid	detectorId	is_primary	posx	posy	posz	del_posx	del_posy	del_posz	del_t	globTime	propTime	localTime	ni_edep	tot_edep	tot_E	tot_KE	momx	momy	momz	px	py	pz
0	13	Box-224	0	-0.76987	7056.05	-0.162927	-5.00744e-05	-0.1	-0.000180629	0.000333573	29.8349	0.208701	29.8349	0	5.93343e-10	15.0326	14.9269	-0.00752729	-15.0322	-0.0271525	-0.000500743	-0.999998	-0.00180629
0	13	Box-223	0	-0.807883	6960.05	-0.497193	-8.65892e-06	-0.1	-0.000629795	0.000333579	30.1551	0.210955	30.1551	0	0	14.9688	14.8631	-0.00129608	-14.9681	-0.0942683	-8.65875e-05	-0.99998	-0.00629782
0	13	Box-222	0	-0.846477	6864.05	-1.20818	-0.000115855	-0.1	-0.000802649	0.000333583	30.4753	0.213221	30.4753	0	0	14.8786	14.773	-0.0172367	-14.8778	-0.119416	-0.00115851	-0.999967	-0.00802623
0	13	Box-221	0	-1.10696	6768.05	-2.23485	-0.000314653	-0.1	-0.00140075	0.000333607	30.7956	0.215513	30.7956	0	7.05834e-07	14.6945	14.5888	-0.0462307	-14.6926	-0.205806	-0.00314621	-0.999897	-0.0140061
0	13	Box-220	0	-1.49497	6672.05	-3.55612	-0.000579175	-0.1	-0.00130406	0.000333607	31.1159	0.21782	31.1159	0	0	14.6257	14.5201	-0.0846978	-14.6239	-0.190703	-0.00579117	-0.999898	-0.0130392
0	13	Box-219	0	-2.07398	6576.05	-4.92086	-0.000692603	-0.1	-0.00162688	0.000333625	31.4361	0.220136	31.4361	0	0	14.5657	14.46	-0.100864	-14.563	-0.236924	-0.00692495	-0.999844	-0.0162663
0	13	Box-218	0	-2.82292	6480.05	-6.53589	-0.000806616	-0.1	-0.00182091	0.000333639	31.7564	0.222466	31.7564	0	0	14.4779	14.3723	-0.116755	-14.4747	-0.263571	-0.00806456	-0.999802	-0.0182055
0	13	Box-217	0	-3.47112	6384.05	-8.44464	-0.000524775	-0.1	-0.0021596	0.000333655	32.0767	0.224808	32.0767	0	0	14.4001	14.2945	-0.0755475	-14.3962	-0.3109	-0.00524645	-0.999753	-0.0215907
0	13	Box-216	0	-3.96051	6288.05	-10.6461	-0.000462453	-0.1	-0.00245715	0.000333677	32.397	0.227167	32.397	0	0	14.2955	14.1898	-0.0660874	-14.2906	-0.351142	-0.00462308	-0.999688	-0.0245638
0	13	Box-215	0	-4.40431	6192.05	-13.1384	-0.000473603	-0.1	-0.00276274	0.000333704	32.7174	0.229538	32.7174	0	1.96683e-08	14.2309	14.1252	-0.0673697	-14.2249	-0.392998	-0.00473418	-0.999607	-0.0276166
0	13	Box-214	0	-4.87823	6096.05	-15.7415	-0.000549321	-0.1	-0.00265977	0.000333696	33.0377	0.231921	33.0377	0	0	14.1618	14.0561	-0.0777629	-14.1562	-0.376522	-0.00549119	-0.999631	-0.0265879
0	13	Box-213	0	-5.50035	6000.05	-18.2808	-0.000832317	-0.1	-0.00269494	0.000333706	33.3581	0.234316	33.3581	0	0	14.0881	13.9824	-0.117208	-14.0821	-0.379505	-0.00831986	-0.999602	-0.0269387
0	13	Box-212	0	-6.27972	5904.05	-20.8947	-0.000777582	-0.1	-0.00275288	0.00033371	33.6784	0.236722	33.6784	0	1.00154e-07	14.0256	13.9199	-0.109013	-14.0194	-0.385939	-0.00777264	-0.999591	-0.0275176
0	13	Box-211	0	-7.09294	5808.05	-23.6707	-0.000884896	-0.1	-0.0029432	0.000333731	33.9988	0.239158	33.9988	0	0	13.7456	13.64	-0.121573	-13.7387	-0.404358	-0.00884478	-0.999528	-0.0294181
0	13	Box-210	0	-7.88994	5712.05	-26.5232	-0.000723207	-0.1	-0.00291916	0.000333725	34.3192	0.241625	34.3192	0	0	13.6741	13.5685	-0.0988446	-13.6675	-0.398977	-0.0072288	-0.999548	-0.0291784
0	13	Box-209	0	-8.61748	5616.05	-29.3807	-0.000781044	-0.1	-0.00298328	0.000333733	34.6396	0.244106	34.6396	0	2.4263e-08	13.5978	13.4921	-0.106151	-13.5909	-0.405456	-0.00780672	-0.999525	-0.0298186
0	13	Box-208	0	-9.41484	5520.05	-32.3379	-0.000965945	-0.1	-0.00325148	0.000333766	34.96	0.246602	34.96	0	0	13.5144	13.4088	-0.130463	-13.5063	-0.439154	-0.0096539	-0.999425	-0.0324961
0	13	Box-207	0	-10.4498	5424.05	-35.5957	-0.00133074	-0.1	-0.00364691	0.000333826	35.2804	0.249114	35.2804	0	0	13.4331	13.3274	-0.178618	-13.4225	-0.489508	-0.0132973	-0.999247	-0.0364416
0	13	Box-206	0	-11.5285	5328.05	-39.1985	-0.000826365	-0.1	-0.00391343	0.000333841	35.6009	0.251643	35.6009	0	0	13.3151	13.2095	-0.10994	-13.3041	-0.520645	-0.00825705	-0.999201	-0.039103
0	13	Box-205	0	-12.2795	5232.05	-42.9809	-0.000860571	-0.1	-0.00397109	0.00033385	35.9214	0.254191	35.9214	0	0	13.2466	13.1409	-0.113899	-13.2352	-0.525583	-0.00859862	-0.999176	-0.0396781
0	13	Box-204	0	-13.161	5136.05	-46.9147	-0.000910159	-0.1	-0.00422691	0.000333886	36.2419	0.256754	36.2419	0	0	13.1706	13.0649	-0.119758	-13.1579	-0.556172	-0.0090931	-0.999067	-0.0422296
0	13	Box-203	0	-14.1171	5040.05	-51.0269	-0.00106054	-0.1	-0.00426334	0.000333897	36.5624	0.259331	36.5624	0	0	13.1091	13.0035	-0.138889	-13.0961	-0.55833	-0.0105952	-0.999036	-0.0425923
0	13	Box-202	0	-15.1499	4944.05	-55.1699	-0.00119897	-0.1	-0.00437944	0.000333919	36.883	0.26194	36.883	0	0	12.9095	12.8038	-0.154561	-12.8957	-0.564869	-0.0119731	-0.99897	-0.0437577
0	13	Box-201	0	-16.2742	4848.05	-59.5014	-0.00108024	-0.1	-0.00463104	0.000333952	37.2036	0.264569	37.2036	0	3.97341e-08	12.8433	12.7376	-0.138577	-12.8284	-0.594087	-0.0107902	-0.998871	-0.0462581
0	13	Box-200	0	-17.4165	4752.05	-64.0662	-0.00155676	-0.1	-0.0048379	0.000334006	37.5242	0.26721	37.5242	0	0	12.7786	12.6729	-0.198669	-12.7617	-0.617397	-0.0155475	-0.998711	-0.0483167
0	13	Box-199	0	-18.9744	4656.05	-68.7968	-0.00169545	-0.1	-0.00504365	0.000334048	37.8448	0.269869	37.8448	0	0	12.6761	12.5705	-0.214607	-12.6578	-0.638415	-0.0169306	-0.998587	-0.0503653
0	13	Box-198	0	-20.6069	4560.05	-73.7079	-0.00171623	-0.1	-0.00511999	0.000334062	38.1655	0.272545	38.1655	0	0	12.6099	12.5043	-0.216093	-12.5912	-0.644666	-0.0171374	-0.998545	-0.0511255
0	13	Box-197	0	-22.2287	4464.05	-78.6367	-0.0016274	-0.1	-0.00517792	0.000334067	38.4862	0.27524	38.4862	0	0	12.5191	12.4135	-0.20343	-12.5003	-0.647255	-0.0162501	-0.99853	-0.0517031
0	13	Box-196	0	-23.7389	4368.05	-83.5905	-0.00153475	-0.1	-0.00503635	0.000334038	38.8069	0.277951	38.8069	0	5.63041e-08	12.4556	12.3499	-0.190891	-12.4379	-0.626416	-0.0153263	-0.998617	-0.0502938
0	13	Box-195	0	-25.1866	4272.05	-88.5553	-0.00152407	-0.1	-0.00522612	0.00033407	39.1276	0.280679	39.1276	0	0	12.3692	12.2636	-0.18823	-12.3505	-0.645452	-0.0152181	-0.998522	-0.0521839
0	13	Box-194	0	-26.6111	4176.05	-93.6818	-0.00144763	-0.1	-0.00547743	0.000334111	39.4484	0.283435	39.4484	0	1.73735e-08	12.2297	12.1241	-0.176752	-12.2097	-0.668777	-0.0144532	-0.998399	-0.0546866
0	13	Box-193	0	-27.9631	4080.05	-99.0719	-0.00130546	-0.1	-0.00576192	0.000334158	39.7691	0.28621	39.7691	0	1.01829e-08	12.1643	12.0587	-0.158518	-12.1427	-0.699653	-0.0130319	-0.998259	-0.0575189
0	13	Box-192	0	-29.1951	3984.05	-104.715	-0.00140027	-0.1	-0.00603592	0.000334217	40.0899	0.289003	40.0899	0	0	12.0974	11.9917	-0.169065	-12.0738	-0.728763	-0.0139759	-0.998086	-0.0602437
0	13	Box-191	0	-30.6524	3888.05	-110.571	-0.00151422	-0.1	-0.0061088	0.000334237	40.4108	0.291819	40.4108	0	0	11.9542	11.8485	-0.180647	-11.9301	-0.728785	-0.0151123	-0.998025	-0.0609674
0	13	Box-190	0	-32.1416	3792.05	-116.489	-0.00155394	-0.1	-0.00614625	0.000334247	40.7317	0.294661	40.7317	0	0	11.8821	11.7765	-0.184263	-11.8578	-0.728812	-0.0155082	-0.997996	-0.0613394
0	13	Box-189	0	-33.667	3696.05	-122.424	-0.00155429	-0.1	-0.00614163	0.000334246	41.0526	0.297521	41.0526	0	0	11.8166	11.711	-0.18329	-11.7925	-0.724253	-0.0155118	-0.997999	-0.0612934
0	13	Box-188	0	-35.0687	3600.05	-128.544	-0.0013704	-0.1	-0.00675296	0.000334369	41.3735	0.300397	41.3735	0	0	11.7489	11.6432	-0.16062	-11.7206	-0.791489	-0.0136716	-0.997634	-0.0673699
0	13	Box-187	0	-36.3756	3504.05	-135.291	-0.00133613	-0.1	-0.00738936	0.000334517	41.6945	0.303291	41.6945	0	5.26555e-08	11.6774	11.5717	-0.155581	-11.6441	-0.860424	-0.0133238	-0.997192	-0.0736861
0	13	Box-186	0	-37.6672	3408.05	-142.389	-0.00141901	-0.1	-0.00733062	0.000334507	42.0157	0.306205	42.0157	0	4.77193e-08	11.6057	11.5001	-0.164222	-11.573	-0.848377	-0.0141507	-0.997224	-0.0731027
0	13	Box-185	0	-38.9342	3312.05	-149.522	-0.00123955	-0.1	-0.00756926	0.000334558	42.3368	0.309135	42.3368	0	2.47742e-08	11.5402	11.4346	-0.142622	-11.506	-0.870917	-0.0123592	-0.997071	-0.0754709
0	13	Box-184	0	-40.1169	3216.05	-156.956	-0.00125783	-0.1	-0.00799397	0.000334669	42.6581	0.312081	42.6581	0	7.64213e-08	11.4786	11.373	-0.143905	-11.4407	-0.914569	-0.0125373	-0.996742	-0.0796793
0	13	Box-183	0	-41.3517	3120.05	-164.808	-0.0011566	-0.1	-0.00862773	0.00033484	42.9794	0.315046	42.9794	0	0	11.4073	11.3016	-0.131434	-11.3638	-0.980441	-0.0115224	-0.996233	-0.0859523
0	13	Box-182	0	-42.4469	3024.05	-173.253	-0.000998626	-0.1	-0.00901686	0.000334948	43.3009	0.318029	43.3009	0	0	11.3431	11.2374	-0.112807	-11.2962	-1.01856	-0.00994541	-0.99591	-0.0897998
0	13	Box-181	0	-43.4339	2928.05	-182.191	-0.00118236	-0.1	-0.0096697	0.000335158	43.6225	0.321031	43.6225	0	0	11.2776	11.1719	-0.132708	-11.224	-1.08532	-0.0117679	-0.995288	-0.0962414
0	13	Box-180	0	-44.4813	2832.05	-191.573	-0.000728957	-0.0748202	-0.00744314	0.000250828	43.9442	0.324051	43.9442	0	0	11.2126	11.107	-0.108624	-11.1565	-1.10987	-0.0096881	-0.995041	-0.0989882
0	13	Box-180	0	-44.482	2831.98	-191.58	-0.00024516	-0.0251798	-0.00250493	8.44131e-05	43.9443	0.324052	43.9443	0	4.6002e-09	11.2126	11.107	-0.108624	-11.1565	-1.10987	-0.0096881	-0.995041	-0.0989882
0	13	Box-179	0	-45.3925	2736.05	-201.195	-0.000965668	-0.1	-0.0100772	0.000335284	44.2661	0.327095	44.2661	0	0	11.1187	11.0131	-0.106819	-11.0617	-1.1147	-0.00960758	-0.994915	-0.100259
0	13	Box-178	0	-46.3539	2640.05	-211.022	-0.0010407	-0.1	-0.0105454	0.000335447	44.5881	0.330179	44.5881	0	0	10.9617	10.856	-0.113437	-10.9001	-1.14946	-0.010349	-0.994432	-0.104867
0	13	Box-177	0	-47.412	2544.05	-221.208	-0.00120263	-0.1	-0.0106293	0.000335483	44.9101	0.33329	44.9101	0	0	10.8963	10.7906	-0.130293	-10.834	-1.15157	-0.0119581	-0.994327	-0.10569
0	13	Box-176	0	-48.5078	2448.05	-231.51	-0.00122196	-0.1	-0.0108228	0.000335553	45.2322	0.336427	45.2322	0	0	10.799	10.6933	-0.131177	-10.735	-1.16183	-0.0121477	-0.994121	-0.107592
0	13	Box-175	0	-49.6705	2352.05	-241.923	-0.00117223	-0.1	-0.0109888	0.000335611	45.5544	0.339586	45.5544	0	6.8171e-08	10.7315	10.6258	-0.12503	-10.666	-1.17207	-0.0116513	-0.993949	-0.109223
0	13	Box-174	0	-50.7559	2256.05	-252.601	-0.00100773	-0.1	-0.0112733	0.00033571	45.8766	0.342765	45.8766	0	0	10.6642	10.5585	-0.106779	-10.596	-1.19452	-0.0100134	-0.993656	-0.112018
0	13	Box-173	0	-51.6002	2160.05	-263.429	-0.000824359	-0.1	-0.0114625	0.000335777	46.1989	0.345997	46.1989	0	1.82677e-08	10.3085	10.2028	-0.0844186	-10.2405	-1.17382	-0.00818969	-0.993461	-0.113876
0	13	Box-172	0	-52.4235	2064.05	-274.561	-0.00084481	-0.1	-0.0116801	0.000335862	46.5213	0.349343	46.5213	0	0	10.0456	9.93999	-0.084286	-9.97691	-1.16531	-0.00839076	-0.993213	-0.116008
0	13	Box-171	0	-53.2389	1968.05	-285.945	-0.000862189	-0.1	-0.0119824	0.000335981	46.8438	0.352744	46.8438	0	0	9.97034	9.86468	-0.0853447	-9.89861	-1.18609	-0.00856034	-0.992861	-0.118968
0	13	Box-170	0	-53.9485	1872.05	-297.66	-0.000556923	-0.1	-0.0124397	0.000336159	47.1664	0.356177	47.1664	0	0	9.89168	9.78602	-0.0546637	-9.81531	-1.22099	-0.00552655	-0.992336	-0.123443
0	13	Box-169	0	-54.48	1776.05	-309.71	-0.000593652	-0.1	-0.0127257	0.000336279	47.4892	0.359635	47.4892	0	0	9.82122	9.71557	-0.0578331	-9.74192	-1.23973	-0.00588892	-0.991983	-0.126237
0	13	Box-168	0	-55.1599	1680.05	-321.956	-0.00088228	-0.1	-0.012807	0.000336321	47.812	0.36312	47.812	0	0	9.74768	9.64202	-0.0852968	-9.66777	-1.23815	-0.00875099	-0.991861	-0.127028
0	13	Box-167	0	-55.8864	1584.05	-334.454	-0.000694173	-0.1	-0.0131888	0.000336481	48.1349	0.366628	48.1349	0	6.10331e-08	9.68475	9.57909	-0.0666462	-9.6008	-1.26623	-0.00688197	-0.991391	-0.130752
0	13	Box-166	0	-56.53	1488.05	-347.281	-0.000627992	-0.1	-0.0135307	0.000336631	48.458	0.370163	48.458	0	0	9.61793	9.51227	-0.0598496	-9.53031	-1.28952	-0.00622309	-0.990951	-0.134083
0	13	Box-165	0	-57.1185	1392.05	-360.457	-0.000693505	-0.1	-0.0139888	0.000336841	48.7813	0.373726	48.7813	0	0	9.53818	9.43253	-0.0655043	-9.4454	-1.3213	-0.00686801	-0.990334	-0.138536
0	13	Box-164	0	-57.6848	1296.05	-374.035	-0.000410775	-0.1	-0.0142883	0.000336976	49.1047	0.37732	49.1047	0	0	9.47085	9.3652	-0.0385101	-9.37497	-1.33953	-0.00406642	-0.989938	-0.141445
0	13	Box-163	0	-57.8479	1200.05	-387.692	0.000120747	-0.1	-0.0140945	0.000336883	49.4282	0.38094	49.4282	0	2.37572e-09	9.4006	9.29494	0.0112391	-9.308	-1.31191	0.00119565	-0.990212	-0.139565
0	13	Box-162	0	-57.6214	1104.05	-401.312	0.000432541	-0.1	-0.0142607	0.000336964	49.7516	0.384584	49.7516	0	0	9.33673	9.23108	0.0399778	-9.24254	-1.31805	0.00428205	-0.989975	-0.141177
0	13	Box-161	0	-57.225	1008.05	-415.159	0.000354124	-0.1	-0.0146379	0.000337143	50.0752	0.388253	50.0752	0	6.3092e-08	9.25225	9.14659	0.0324166	-9.15403	-1.33996	0.00350388	-0.98945	-0.144834
0	13	Box-160	0	-56.7713	912.05	-429.597	0.000474761	-0.1	-0.0154906	0.000337569	50.3991	0.391965	50.3991	0	0	9.17727	9.07161	0.0430533	-9.06841	-1.40475	0.00469161	-0.988203	-0.153078
0	13	Box-159	0	-56.3434	816.05	-444.777	0.000374308	-0.1	-0.0161042	0.000337887	50.7233	0.395711	50.7233	0	0	9.09155	8.98589	0.033595	-8.97523	-1.44539	0.00369544	-0.987273	-0.158992
0	13	Box-158	0	-55.8517	720.05	-460.34	0.000588727	-0.1	-0.0162245	0.000337955	51.0477	0.399493	51.0477	0	1.65591e-08	9.02176	8.9161	0.0524234	-8.90455	-1.44472	0.00581118	-0.987076	-0.160149
0	13	Box-157	0	-55.3079	624.05	-476.106	0.00048387	-0.1	-0.0167491	0.000338238	51.3723	0.403306	51.3723	0	0	8.95587	8.85021	0.042736	-8.83212	-1.4793	0.00477217	-0.986251	-0.165188
0	13	Box-156	0	-54.7258	528.05	-492.368	0.000647014	-0.1	-0.0172046	0.000338496	51.6971	0.407154	51.6971	0	0	8.87487	8.76921	0.056585	-8.74557	-1.50464	0.00637632	-0.985501	-0.169552
0	13	Box-155	0	-54.1876	432.05	-509.032	0.00030624	-0.1	-0.0174817	0.000338649	52.0221	0.411037	52.0221	0	9.18427e-08	8.80227	8.69662	0.0265514	-8.67011	-1.51568	0.00301664	-0.985057	-0.172204
0	13	Box-154	0	-53.9443	336.05	-525.98	0.000219639	-0.1	-0.0179562	0.000338924	52.3473	0.414951	52.3473	0	0	8.73725	8.63159	0.0188869	-8.59906	-1.54406	0.00216182	-0.984256	-0.176735
0	13	Box-153	0	-53.814	240.05	-543.275	-6.71955e-05	-0.1	-0.0180418	0.000338975	52.6727	0.418899	52.6727	0	0	8.66969	8.56403	-0.00573265	-8.5313	-1.5392	-0.000661278	-0.984111	-0.177551
0	13	Box-152	0	-54.0802	144.05	-560.832	-0.000544326	-0.1	-0.0183786	0.000339181	52.9983	0.422881	52.9983	0	0	8.59119	8.48553	-0.0459896	-8.44891	-1.5528	-0.00535352	-0.983513	-0.180756
0	13	Box-002	0	-54.5963	48.05	-578.417	-0.000620055	-0.1	-0.018304	0.000339138	53.3238	0.426898	53.3238	0	0	8.52181	8.41615	-0.0519714	-8.38174	-1.5342	-0.00609911	-0.983639	-0.180046
0	13	Box-225	0	-55.163	-47.95	-596.038	-0.000514531	-0.1	-0.0182749	0.000339119	53.6494	0.430948	53.6494	0	0	8.45792	8.35226	-0.0428058	-8.31937	-1.52036	-0.00506142	-0.983696	-0.17977
0	13	Box-226	0	-55.7353	-143.95	-613.648	-0.000761268	-0.1	-0.018502	0.000339262	53.975	0.43504	53.975	0	0	8.34354	8.23788	-0.0624499	-8.20341	-1.51779	-0.00748542	-0.983284	-0.181927
0	13	Box-227	0	-56.3884	-239.95	-631.405	-0.000732766	-0.1	-0.0184263	0.000339216	54.3007	0.439182	54.3007	0	0	8.26721	8.16155	-0.0595699	-8.12946	-1.49795	-0.00720615	-0.983419	-0.181207
0	13	Box-228	0	-57.3419	-335.95	-649.279	-0.0012721	-0.1	-0.0188116	0.00033947	54.6265	0.443363	54.6265	0	0	8.1831	8.07744	-0.102286	-8.04074	-1.51259	-0.0125007	-0.982686	-0.184859
0	13	Box-229	0	-58.3657	-431.95	-667.495	-0.000808272	-0.1	-0.0191268	0.00033965	54.9525	0.447588	54.9525	0	0	8.11333	8.00767	-0.0644027	-7.96795	-1.52401	-0.00793857	-0.982164	-0.187856
0	13	Box-230	0	-59.1748	-527.95	-685.999	-0.000683928	-0.1	-0.0194941	0.00033988	55.2786	0.451865	55.2786	0	4.20389e-08	7.99951	7.89385	-0.0536941	-7.85084	-1.53045	-0.00671277	-0.981502	-0.191335
0	13	Box-231	0	-60.0617	-623.95	-704.884	-0.00132543	-0.1	-0.0200802	0.000340281	55.605	0.456188	55.605	0	0	7.93356	7.82791	-0.103078	-7.77695	-1.56163	-0.0129938	-0.980346	-0.196856
0	13	Box-232	0	-61.3659	-719.95	-724.204	-0.00145971	-0.1	-0.0199706	0.000340216	55.9317	0.460552	55.9317	0	0	7.86809	7.76244	-0.112606	-7.71425	-1.54058	-0.014313	-0.980536	-0.195819
0	13	Box-233	0	-62.8443	-815.95	-743.46	-0.00188679	-0.1	-0.0199658	0.000340237	56.2584	0.464955	56.2584	0	0	7.78919	7.68353	-0.144083	-7.63642	-1.52467	-0.0184996	-0.980477	-0.19576
0	13	Box-234	0	-64.617	-911.95	-762.684	-0.0019994	-0.1	-0.0201063	0.000340337	56.5851	0.469405	56.5851	0	0	7.71512	7.60946	-0.151186	-7.56158	-1.52036	-0.019598	-0.980191	-0.19708
0	13	Box-235	0	-66.6447	-1007.95	-782.12	-0.00247936	-0.1	-0.0202727	0.000340483	56.9119	0.4739	56.9119	0	2.13206e-08	7.64164	7.53598	-0.185614	-7.48636	-1.51769	-0.0242922	-0.979774	-0.198627
0	13	Box-236	0	-68.924	-1103.95	-801.765	-0.00210202	-0.1	-0.0207065	0.000340745	57.2389	0.478439	57.2389	0	0	7.5559	7.45024	-0.155479	-7.39665	-1.53159	-0.0205792	-0.97902	-0.202721
0	13	Box-237	0	-71.1917	-1199.95	-821.915	-0.0026939	-0.1	-0.0212226	0.000341146	57.5662	0.483037	57.5662	0	2.09417e-09	7.48061	7.37495	-0.197042	-7.31437	-1.5523	-0.026343	-0.977874	-0.20753
0	13	Box-238	0	-73.8664	-1295.95	-842.356	-0.00294468	-0.1	-0.0212629	0.000341197	57.8937	0.487683	57.8937	0	0	7.40781	7.30215	-0.213257	-7.24209	-1.53988	-0.028791	-0.977728	-0.207894
0	13	Box-239	0	-76.9477	-1391.95	-862.797	-0.0036499	-0.1	-0.0215031	0.000341441	58.2213	0.492374	58.2213	0	0	7.33963	7.23398	-0.261709	-7.17031	-1.54184	-0.0356606	-0.977031	-0.210092
0	13	Box-240	0	-80.7476	-1487.95	-883.753	-0.00435306	-0.1	-0.0222337	0.000342054	58.5494	0.497116	58.5494	0	0	7.26612	7.16046	-0.308442	-7.08577	-1.57543	-0.0424539	-0.975283	-0.216842
0	13	Box-241	0	-85.0233	-1583.95	-905.102	-0.00461912	-0.1	-0.0223668	0.00034219	58.8778	0.501918	58.8778	0	0	7.16881	7.06315	-0.322788	-6.98809	-1.56301	-0.0450317	-0.974897	-0.218053
0	13	Box-242	0	-89.388	-1679.95	-926.849	-0.00427977	-0.1	-0.0231054	0.000342688	59.2065	0.506779	59.2065	0	0	7.10127	6.99562	-0.295827	-6.91221	-1.59709	-0.0416629	-0.973484	-0.224927
0	13	Box-243	0	-93.3582	-1775.95	-949.44	-0.00411117	-0.1	-0.0239387	0.000343302	59.5357	0.511709	59.5357	0	0	7.01066	6.905	-0.280045	-6.8118	-1.63066	-0.0399501	-0.971746	-0.232624
0	13	Box-244	0	-97.0119	-1871.95	-972.623	-0.00361252	-0.1	-0.0243915	0.000343595	59.8654	0.516703	59.8654	0	6.37012e-08	6.9338	6.82815	-0.243173	-6.73139	-1.64188	-0.0350747	-0.97092	-0.236822
0	13	Box-245	0	-100.556	-1967.95	-996.111	-0.00387284	-0.1	-0.0245202	0.000343729	60.1954	0.521755	60.1954	0	0	6.86072	6.75506	-0.257847	-6.65783	-1.63251	-0.0375876	-0.970543	-0.237979
0	13	Box-246	0	-103.959	-2063.95	-1019.73	-0.00310244	-0.1	-0.0245986	0.000343705	60.5254	0.526857	60.5254	0	0	6.79077	6.68511	-0.204464	-6.5904	-1.62115	-0.0301127	-0.970612	-0.238757
0	13	Box-247	0	-107.1	-2159.95	-1043.63	-0.0036108	-0.1	-0.024807	0.000343928	60.8556	0.53202	60.8556	0	3.82234e-08	6.71577	6.61011	-0.235186	-6.5134	-1.61578	-0.0350243	-0.969986	-0.240624
0	13	Box-248	0	-110.703	-2255.95	-1067.66	-0.00393576	-0.1	-0.0253214	0.000344386	61.1859	0.537243	61.1859	0	5.11206e-08	6.64245	6.53679	-0.253216	-6.43373	-1.62911	-0.0381258	-0.9687	-0.245288
0	13	Box-249	0	-114.38	-2351.95	-1091.94	-0.00342554	-0.1	-0.0245831	0.00034373	61.5165	0.542512	61.5165	0	0	6.58115	6.47549	-0.218773	-6.38652	-1.57001	-0.0332466	-0.970551	-0.238592
0	13	Box-250	0	-117.533	-2447.95	-1115.64	-0.00275036	-0.1	-0.0244979	0.000343595	61.8465	0.547821	61.8465	0	0	6.51788	6.41222	-0.174032	-6.32759	-1.55012	-0.0267042	-0.970933	-0.237858
0	13	Box-251	0	-120.308	-2543.95	-1139.52	-0.00284799	-0.1	-0.0252765	0.000344232	62.1767	0.553201	62.1767	0	0	6.44344	6.33778	-0.177821	-6.24375	-1.5782	-0.027601	-0.969139	-0.244965
0	13	Box-252	0	-123.236	-2639.95	-1163.9	-0.0033729	-0.1	-0.0254315	0.000344413	62.5073	0.558647	62.5073	0	0	6.3744	6.26874	-0.208229	-6.1736	-1.57004	-0.032671	-0.968633	-0.246338
0	13	Box-253	0	-126.542	-2735.95	-1188.58	-0.00363486	-0.1	-0.0261692	0.000345058	62.8381	0.564156	62.8381	0	0	6.3047	6.19904	-0.221506	-6.09469	-1.59491	-0.0351384	-0.966826	-0.253008
0	13	Box-254	0	-130.002	-2831.95	-1213.94	-0.00348102	-0.1	-0.0267637	0.000345549	63.1696	0.569722	63.1696	0	0	6.24338	6.13772	-0.209796	-6.02684	-1.613	-0.0336077	-0.965456	-0.258391
0	13	Box-255	0	-132.92	-2927.95	-1239.95	-0.00217472	-0.1	-0.0276116	0.000346182	63.5016	0.575522	63.5016	0	2.09119e-08	5.66489	5.55923	-0.118705	-5.45841	-1.50715	-0.0209582	-0.963718	-0.266098
0	13	Box-256	0	-134.985	-3023.95	-1266.8	-0.00210137	-0.1	-0.0282424	0.000346745	63.8342	0.581758	63.8342	0	2.94309e-07	5.59622	5.49056	-0.113127	-5.38349	-1.52043	-0.0202185	-0.962159	-0.271737
0	13	Box-257	0	-137.253	-3119.95	-1294.53	-0.00298194	-0.1	-0.0294337	0.000347919	64.1677	0.588086	64.1677	0	0	5.52077	5.41511	-0.157834	-5.29298	-1.55792	-0.0285943	-0.958916	-0.282245
0	13	Box-258	0	-140.242	-3215.95	-1322.77	-0.00334956	-0.1	-0.0292369	0.000347774	64.5017	0.594533	64.5017	0	0	5.41636	5.3107	-0.174011	-5.19505	-1.51887	-0.0321331	-0.959323	-0.280476
0	13	Box-259	0	-143.781	-3311.95	-1351.03	-0.00404593	-0.1	-0.0296489	0.000348246	64.8358	0.601081	64.8358	0	0	5.35119	5.24553	-0.207378	-5.12559	-1.51968	-0.0387611	-0.958027	-0.284045
0	13	Box-260	0	-147.968	-3407.95	-1379.91	-0.00472209	-0.1	-0.0303234	0.000348988	65.1705	0.607728	65.1705	0	0	5.28349	5.17783	-0.238464	-5.04998	-1.53133	-0.0451429	-0.955995	-0.28989
0	13	Box-261	0	-152.598	-3503.95	-1409.49	-0.00547168	-0.1	-0.0312426	0.000350013	65.506	0.614471	65.506	0	2.02206e-08	5.21834	5.11268	-0.272112	-4.9731	-1.55373	-0.0521561	-0.953201	-0.297805
0	13	Box-262	0	-157.458	-3599.95	-1439.88	-0.00485299	-0.1	-0.0318892	0.000350562	65.8424	0.621331	65.8424	0	0	5.13403	5.02837	-0.237073	-4.88509	-1.55781	-0.0461865	-0.951713	-0.303494
0	13	Box-263	0	-162.033	-3695.95	-1470.97	-0.00426124	-0.1	-0.0332648	0.000351899	66.1794	0.628307	66.1794	0	5.59457e-08	5.06291	4.95725	-0.204502	-4.79912	-1.59642	-0.0404009	-0.948104	-0.315385
0	13	Box-264	0	-166.024	-3791.95	-1503.5	-0.00416357	-0.1	-0.0342469	0.000352936	66.5178	0.635421	66.5178	0	0	4.97907	4.87341	-0.195928	-4.70578	-1.61159	-0.0393592	-0.945325	-0.323745
0	13	Box-265	0	-170	-3887.95	-1536.93	-0.00435948	-0.1	-0.0352791	0.000354095	66.8573	0.642667	66.8573	0	0	4.89719	4.79153	-0.201114	-4.61324	-1.62751	-0.0410767	-0.942239	-0.332414
0	13	Box-266	0	-174.309	-3983.95	-1570.82	-0.0043349	-0.1	-0.0354934	0.000354332	67.1972	0.650051	67.1972	0	0	4.81746	4.7118	-0.196592	-4.5351	-1.60966	-0.040818	-0.941614	-0.334211
0	13	Box-267	0	-178.622	-4079.95	-1605.15	-0.00480025	-0.1	-0.035999	0.000354969	67.5377	0.657553	67.5377	0	5.66442e-08	4.75055	4.64489	-0.214288	-4.46409	-1.60703	-0.0451191	-0.939932	-0.338367
0	13	Box-268	0	-183.473	-4175.95	-1639.72	-0.0055142	-0.1	-0.0359458	0.000355027	67.8785	0.665195	67.8785	0	0	4.66916	4.5635	-0.241901	-4.38688	-1.5769	-0.0518216	-0.939785	-0.337814
0	13	Box-269	0	-189.119	-4271.95	-1674.41	-0.00629891	-0.1	-0.0363879	0.000355676	68.2196	0.672964	68.2196	0	0	4.5978	4.49214	-0.271606	-4.31196	-1.56903	-0.0590887	-0.938078	-0.341347
0	13	Box-270	0	-195.33	-4367.95	-1709.64	-0.00669923	-0.1	-0.0367856	0.000356216	68.5615	0.680852	68.5615	0	0	4.53056	4.4249	-0.284212	-4.24246	-1.56062	-0.0627493	-0.936665	-0.344558
0	13	Box-271	0	-201.97	-4463.95	-1746.14	-0.0070338	-0.1	-0.0389352	0.000358827	68.9049	0.688965	68.9049	0	4.12207e-08	4.40919	4.30353	-0.288299	-4.09876	-1.59586	-0.0654048	-0.929864	-0.362044
0	13	Box-272	0	-208.296	-4559.95	-1783.7	-0.00601624	-0.1	-0.0392074	0.000358954	69.2495	0.697279	69.2495	0	0	4.33512	4.22946	-0.242363	-4.02848	-1.57946	-0.0559235	-0.929543	-0.364449
0	13	Box-273	0	-213.572	-4655.95	-1821.65	-0.00486333	-0.1	-0.0402622	0.000360062	69.5944	0.705731	69.5944	0	0	4.26326	4.1576	-0.192078	-3.94952	-1.59016	-0.0450682	-0.926693	-0.373107
0	13	Box-274	0	-218.286	-4751.95	-1860.92	-0.00480552	-0.1	-0.0415041	0.000361623	69.9408	0.714381	69.9408	0	0	4.19224	4.08658	-0.185827	-3.86695	-1.60494	-0.0443406	-0.922701	-0.382959
0	13	Box-275	0	-223.376	-4847.95	-1900.96	-0.00620201	-0.1	-0.0413612	0.000361682	70.2883	0.723203	70.2883	0	2.57164e-08	4.1165	4.01084	-0.235458	-3.79648	-1.57027	-0.0572174	-0.922562	-0.381583
0	13	Box-276	0	-229.688	-4943.95	-1940.54	-0.00666647	-0.1	-0.0411904	0.000361562	70.6354	0.732192	70.6354	0	0	4.03471	3.92905	-0.248138	-3.72228	-1.53323	-0.0615218	-0.922881	-0.38014
0	13	Box-277	0	-235.873	-5039.95	-1980.59	-0.006287	-0.1	-0.042521	0.000363204	70.9831	0.741389	70.9831	0	0	3.9373	3.83164	-0.227337	-3.61599	-1.53755	-0.0577603	-0.918725	-0.390651
0	13	Box-278	0	-241.548	-5135.95	-2022.21	-0.00519597	-0.1	-0.0444844	0.000365627	71.3328	0.750849	71.3328	0	0	3.86373	3.75807	-0.183153	-3.5249	-1.56803	-0.047421	-0.912648	-0.405986
0	13	Box-279	0	-246.324	-5231.95	-2065.42	-0.00475176	-0.1	-0.0458275	0.000367409	71.6845	0.760553	71.6845	0	0	3.77948	3.67382	-0.163048	-3.43132	-1.57249	-0.0431573	-0.908238	-0.416223
0	13	Box-280	0	-250.772	-5327.95	-2109.72	-0.00452955	-0.1	-0.0463878	0.000368167	72.0376	0.770544	72.0376	0	0	3.68139	3.57573	-0.151078	-3.33538	-1.54721	-0.0410552	-0.906385	-0.420452
0	13	Box-281	0	-255.394	-5423.95	-2154.63	-0.00518944	-0.1	-0.0470871	0.000369258	72.3916	0.780778	72.3916	0	0	3.60445	3.49879	-0.16897	-3.25603	-1.53317	-0.0468983	-0.903725	-0.425538
0	13	Box-282	0	-260.491	-5519.95	-2200.02	-0.00485562	-0.1	-0.0478566	0.000370316	72.7464	0.791291	72.7464	0	0	3.51338	3.40772	-0.153666	-3.16469	-1.51451	-0.0437571	-0.901163	-0.431266
0	13	Box-283	0	-264.777	-5615.95	-2246.62	-0.00388042	-0.1	-0.0494585	0.000372534	73.1028	0.802103	73.1028	0	0	3.42756	3.3219	-0.119091	-3.06902	-1.51789	-0.0347616	-0.895819	-0.443058
0	13	Box-284	0	-268.195	-5711.95	-2293.87	-0.00337296	-0.1	-0.0492832	0.000372231	73.4601	0.813251	73.4601	0	0	3.32535	3.21969	-0.100511	-2.97991	-1.4686	-0.030241	-0.896574	-0.44186
0	13	Box-285	0	-271.872	-5807.95	-2341.74	-0.00418054	-0.1	-0.05045	0.000374071	73.8183	0.824804	73.8183	0	0	3.221	3.11534	-0.120074	-2.87221	-1.44903	-0.0372985	-0.892193	-0.450111
0	13	Box-286	0	-275.941	-5903.95	-2390.5	-0.00418814	-0.1	-0.0510529	0.000374992	74.1779	0.836708	74.1779	0	0	3.14542	3.03976	-0.117181	-2.79793	-1.42842	-0.0372756	-0.890026	-0.454384
0	13	Box-287	0	-279.742	-5999.95	-2441.92	-0.00414387	-0.1	-0.0548544	0.00038093	74.5417	0.849063	74.5417	0	1.68833e-08	3.07001	2.96435	-0.111399	-2.68828	-1.47464	-0.0363076	-0.876176	-0.480621
0	13	Box-288	0	-284.082	-6095.95	-2494.6	-0.00483396	-0.1	-0.0543592	0.00038024	74.9074	0.861759	74.9074	0	0	2.99911	2.89345	-0.127179	-2.63095	-1.43017	-0.0424321	-0.877791	-0.47716
0	13	Box-289	0	-288.699	-6191.95	-2546.95	-0.00456164	-0.1	-0.0544265	0.000380323	75.2727	0.874781	75.2727	0	2.33451e-08	2.92064	2.81498	-0.116858	-2.56157	-1.39417	-0.0400373	-0.877631	-0.477662
0	13	Box-290	0	-292.218	-6287.95	-2599.9	-0.00288991	-0.1	-0.0553804	0.000381684	75.6389	0.888157	75.6389	0	0	2.85125	2.74559	-0.0720104	-2.49178	-1.37996	-0.0252731	-0.874528	-0.484317
0	13	Box-291	0	-295.944	-6383.95	-2653.52	-0.00492996	-0.1	-0.0560042	0.000382947	76.0062	0.901964	76.0062	0	0	2.76011	2.65445	-0.118525	-2.40418	-1.34644	-0.0429737	-0.871684	-0.48818
0	13	Box-292	0	-300.962	-6479.95	-2707.77	-0.00491389	-0.1	-0.0575396	0.000385489	76.3746	0.916233	76.3746	0	1.61152e-08	2.68551	2.57985	-0.114188	-2.32378	-1.33709	-0.042553	-0.865973	-0.498277
0	13	Box-293	0	-305.326	-6575.95	-2763.86	-0.0034	-0.1	-0.0590938	0.000387941	76.7461	0.931046	76.7461	0	0	2.59497	2.48931	-0.0758622	-2.23124	-1.31852	-0.0292586	-0.860547	-0.50853
0	13	Box-294	0	-308.996	-6671.95	-2821.08	-0.00492482	-0.1	-0.0600927	0.000389848	77.1194	0.946377	77.1194	0	1.14355e-07	2.51955	2.41389	-0.106169	-2.1558	-1.29548	-0.0421751	-0.856379	-0.514622
0	13	Box-295	0	-313.907	-6767.95	-2878.53	-0.00515473	-0.1	-0.0603358	0.000390323	77.4933	0.962284	77.4933	0	0	2.43789	2.33223	-0.107393	-2.08338	-1.25702	-0.044093	-0.855389	-0.516106
0	13	Box-296	0	-318.903	-6863.95	-2937.47	-0.00556164	-0.1	-0.0630761	0.000395209	77.8698	0.978801	77.8698	0	2.37873e-08	2.36052	2.25486	-0.110806	-1.99233	-1.25668	-0.0469884	-0.844867	-0.532909
0	13	Box-297	0	-324.917	-6959.95	-2997.86	-0.00649829	-0.1	-0.062886	0.000395059	78.2491	0.996021	78.2491	0	0	2.28048	2.17482	-0.125124	-1.9255	-1.21087	-0.0549267	-0.845248	-0.531543
0	13	Box-298	0	-330.755	-7055.95	-3059.11	-0.00696315	-0.1	-0.064219	0.00039756	78.6298	1.0139	78.6298	0	0	2.20531	2.09965	-0.12884	-1.85031	-1.18825	-0.0584899	-0.839993	-0.539435
