eid	pid	detectorId	is_primary	posx	posy	posz	del_posx	del_posy	del_posz	del_t	globTime	propTime	localTime	ni_edep	tot_edep	tot_E	tot_KE	momx	momy	momz	px	py	pz
0	13	Box-224	0	0.0675535	7056.05	-0.00242577	0.00018833	-0.1	3.21868e-05	0.000333602	9.82138	0.146067	9.82138	0	0	7.03873	6.93307	0.0132545	-7.03792	0.00226528	0.0018833	-0.999998	0.000321868
0	13	Box-223	0	0.0843365	6960.05	-0.199769	-0.000608421	-0.1	-0.000315413	0.00033361	10.1416	0.150894	10.1416	0	0	6.9623	6.85665	-0.0423542	-6.96134	-0.0219569	-0.00608406	-0.999977	-0.00315405
0	13	Box-222	0	-0.307841	6864.05	-0.712522	-0.000251336	-0.1	-0.000713143	0.000333613	10.4619	0.155776	10.4619	0	0	6.88924	6.78358	-0.0173126	-6.88823	-0.0491229	-0.00251329	-0.999971	-0.00713122
0	13	Box-221	0	-0.56514	6768.05	-1.62279	-0.000267901	-0.1	-0.00101688	0.000333623	10.7822	0.160702	10.7822	0	8.86604e-08	6.82849	6.72283	-0.0182904	-6.8273	-0.0694256	-0.00267886	-0.999945	-0.0101683
0	13	Box-220	0	-0.960107	6672.05	-2.97546	-0.000393174	-0.1	-0.00177939	0.00033366	11.1025	0.165679	11.1025	0	0	6.76207	6.65641	-0.0265791	-6.76013	-0.120289	-0.00393109	-0.999834	-0.017791
0	13	Box-219	0	-1.1898	6576.05	-4.84283	-0.000159283	-0.1	-0.00194411	0.00033367	11.4228	0.170714	11.4228	0	8.88062e-09	6.65509	6.54944	-0.0105971	-6.65299	-0.129342	-0.00159252	-0.99981	-0.0194374
0	13	Box-218	0	-1.43907	6480.05	-6.83428	-0.000571879	-0.1	-0.00207988	0.000333685	11.7431	0.175811	11.7431	0	2.62067e-07	6.59237	6.48671	-0.0376868	-6.58999	-0.137064	-0.00571746	-0.999767	-0.020794
0	13	Box-217	0	-2.12786	6384.05	-8.89819	-0.000898678	-0.1	-0.00217154	0.0003337	12.0635	0.180972	12.0635	0	0	6.51729	6.41164	-0.0585456	-6.51464	-0.141468	-0.0089843	-0.999724	-0.0217094
0	13	Box-216	0	-3.27709	6288.05	-11.0028	-0.00156206	-0.1	-0.00221433	0.000333731	12.3838	0.186191	12.3838	0	6.85871e-08	6.44589	6.34023	-0.100638	-6.44266	-0.142662	-0.0156148	-0.999633	-0.0221352
0	13	Box-215	0	-4.59928	6192.05	-13.0741	-0.00121486	-0.1	-0.0021762	0.000333714	12.7042	0.191468	12.7042	0	0	6.37746	6.2718	-0.0774424	-6.37461	-0.138724	-0.0121448	-0.99969	-0.0217552
0	13	Box-214	0	-5.96132	6096.05	-15.386	-0.00122178	-0.1	-0.00280584	0.000333767	13.0246	0.1968	13.0246	0	0	6.3112	6.20554	-0.077062	-6.30736	-0.176974	-0.0122121	-0.999532	-0.0280452
0	13	Box-213	0	-7.14815	6000.05	-18.3015	-0.00102863	-0.1	-0.00319564	0.0003338	13.3451	0.202188	13.3451	0	4.47703e-08	6.24458	6.13893	-0.0641884	-6.24017	-0.199414	-0.0102805	-0.999437	-0.0319384
0	13	Box-212	0	-7.83461	5904.05	-21.4777	-0.000544286	-0.1	-0.00341896	0.000333814	13.6655	0.207663	13.6655	0	0	6.13064	6.02498	-0.0333433	-6.12606	-0.209448	-0.0054396	-0.999401	-0.0341691
0	13	Box-211	0	-8.37981	5808.05	-24.9812	-0.000578146	-0.1	-0.00400637	0.000333888	13.986	0.213207	13.986	0	0	6.06694	5.96128	-0.0350418	-6.06106	-0.242828	-0.00577673	-0.999182	-0.0400309
0	13	Box-210	0	-8.9083	5712.05	-28.8774	-9.19979e-05	-0.1	-0.00366801	0.000333841	14.3065	0.218838	14.3065	0	0	5.96272	5.85706	-0.00548103	-5.95777	-0.218532	-0.000919361	-0.999328	-0.0366554
0	13	Box-209	0	-8.9927	5616.05	-32.4572	-4.18794e-05	-0.1	-0.00355652	0.000333829	14.627	0.224542	14.627	0	0	5.89712	5.79146	-0.00246772	-5.89244	-0.209566	-0.000418529	-0.999368	-0.0355427
0	13	Box-208	0	-8.78504	5520.05	-36.0056	0.000876766	-0.1	-0.00393524	0.00033389	14.9475	0.230301	14.9475	0	0	5.83292	5.72726	0.0510911	-5.82723	-0.229315	0.00876054	-0.999188	-0.0393205
0	13	Box-207	0	-7.86086	5424.05	-40.2241	0.00126158	-0.1	-0.00494747	0.000334055	15.2681	0.236146	15.2681	0	0	5.7464	5.64074	0.0723889	-5.73795	-0.283883	0.0125994	-0.998699	-0.0494103
0	13	Box-206	0	-6.44845	5328.05	-45.2287	0.00190716	-0.1	-0.00545595	0.000334179	15.5889	0.242077	15.5889	0	0	5.66724	5.56158	0.107885	-5.65682	-0.308633	0.0190399	-0.998334	-0.0544686
0	13	Box-205	0	-4.5559	5232.05	-50.8387	0.00174065	-0.1	-0.00643194	0.000334363	15.9098	0.248081	15.9098	0	0	5.60259	5.49693	0.0972882	-5.5892	-0.359494	0.017368	-0.997787	-0.0641771
0	13	Box-204	0	-2.89854	5136.05	-57.0677	0.00150941	-0.1	-0.00652046	0.000334371	16.2308	0.254167	16.2308	0	0	5.53269	5.42703	0.0833093	-5.51933	-0.359886	0.0150604	-0.997768	-0.0650591
0	13	Box-203	0	-1.52863	5040.05	-63.6764	0.00116545	-0.1	-0.00756164	0.000334601	16.5518	0.260315	16.5518	0	0	5.47187	5.36621	0.0635745	-5.45491	-0.41248	0.0116206	-0.997086	-0.075396
0	13	Box-202	0	-0.562995	4944.05	-71.2409	0.00058926	-0.1	-0.00849509	0.000334836	16.8731	0.266553	16.8731	0	0	5.39161	5.28595	0.0316499	-5.37113	-0.456283	0.00587135	-0.996394	-0.0846446
0	13	Box-201	0	-0.0774424	4848.05	-79.9057	0.000666189	-0.1	-0.00938363	0.000335103	17.1947	0.272894	17.1947	0	0	5.3188	5.21314	0.0352705	-5.29437	-0.496804	0.00663261	-0.995604	-0.0934238
0	13	Box-200	0	0.693816	4752.05	-88.8074	0.00125952	-0.1	-0.00928466	0.000335095	17.5164	0.279354	17.5164	0	0	5.18518	5.07953	0.0650102	-5.1615	-0.479228	0.0125403	-0.995639	-0.0924417
0	13	Box-199	0	2.07585	4656.05	-98.158	0.00161311	-0.1	-0.0103917	0.000335476	17.8382	0.285962	17.8382	0	0	5.09678	4.99112	0.0817482	-5.06774	-0.526623	0.0160426	-0.994516	-0.103347
0	13	Box-198	0	3.90653	4560.05	-108.28	0.0024076	-0.1	-0.0106003	0.000335603	18.1604	0.29267	18.1604	0	0	5.03038	4.92472	0.120376	-4.99982	-0.529997	0.023935	-0.994144	-0.105383
0	13	Box-197	0	6.10546	4464.05	-118.54	0.00200052	-0.1	-0.0107185	0.000335617	18.4826	0.299481	18.4826	0	0	4.95424	4.84858	0.0985039	-4.92393	-0.527771	0.0198873	-0.994108	-0.106553
0	13	Box-196	0	8.65826	4368.05	-129.603	0.00322905	-0.1	-0.0117536	0.000336116	18.8051	0.306488	18.8051	0	0	4.75605	4.65039	0.152402	-4.71994	-0.55476	0.0320518	-0.992653	-0.116672
0	13	Box-195	0	12.1812	4272.05	-141.312	0.00409764	-0.1	-0.0130139	0.000336742	19.128	0.313736	19.128	0	0	4.63984	4.53418	0.18833	-4.59606	-0.598125	0.0406002	-0.99082	-0.128944
0	13	Box-194	0	16.1176	4176.05	-154.283	0.00377334	-0.1	-0.0143631	0.000337313	19.4515	0.321155	19.4515	0	0	4.55601	4.45035	0.170003	-4.50537	-0.647112	0.0373241	-0.989152	-0.142073
0	13	Box-193	0	19.7168	4080.05	-168.104	0.00363205	-0.1	-0.0140718	0.000337162	19.7753	0.328704	19.7753	0	0	4.49007	4.38441	0.161341	-4.44216	-0.625091	0.0359429	-0.989604	-0.139255
0	13	Box-192	0	22.8701	3984.05	-181.644	0.00285875	-0.1	-0.0139025	0.000337004	20.099	0.336369	20.099	0	0	4.41368	4.30802	0.124888	-4.36863	-0.60735	0.0283038	-0.990077	-0.137646
0	13	Box-191	0	25.569	3888.05	-195.711	0.00270376	-0.1	-0.0151644	0.000337598	20.4228	0.344179	20.4228	0	0	4.34233	4.23667	0.116003	-4.29044	-0.650618	0.0267224	-0.988344	-0.149876
0	13	Box-190	0	28.15	3792.05	-210.552	0.00262657	-0.1	-0.0157383	0.000337887	20.7471	0.352095	20.7471	0	2.24079e-08	4.27757	4.17191	0.110916	-4.22285	-0.664603	0.0259376	-0.987508	-0.155417
0	13	Box-189	0	30.5645	3696.05	-226.075	0.00231344	-0.1	-0.0166044	0.000338327	21.0717	0.360183	21.0717	0	0	4.19221	4.08655	0.095619	-4.1332	-0.686291	0.022816	-0.986237	-0.163758
0	13	Box-188	0	32.5205	3600.05	-242.58	0.00167751	-0.1	-0.0178203	0.000338976	21.3968	0.368426	21.3968	0	0	4.13006	4.0244	0.0681758	-4.06412	-0.72424	0.0165126	-0.984356	-0.175416
0	13	Box-187	0	34.3866	3504.05	-260.059	0.00262561	-0.1	-0.0189021	0.000339698	21.7224	0.376807	21.7224	0	0	4.06555	3.95989	0.104818	-3.99213	-0.754595	0.0257907	-0.982274	-0.18567
0	13	Box-186	0	37.1128	3408.05	-278.695	0.00312681	-0.1	-0.020066	0.000340492	22.0489	0.385335	22.0489	0	0	4.00293	3.89727	0.122617	-3.92148	-0.786885	0.0306426	-0.979996	-0.196646
0	13	Box-185	0	39.9763	3312.05	-298.101	0.00260769	-0.1	-0.0203829	0.000340657	22.3758	0.394032	22.3758	0	1.56225e-08	3.93043	3.82478	0.100359	-3.8486	-0.784457	0.0255432	-0.979533	-0.199657
0	13	Box-184	0	42.6056	3216.05	-317.74	0.00263065	-0.1	-0.0205046	0.000340744	22.7029	0.402884	22.7029	0	2.93371e-08	3.86675	3.76109	0.099577	-3.78527	-0.776156	0.0257618	-0.979293	-0.200801
0	13	Box-183	0	45.0728	3120.05	-337.632	0.00294423	-0.1	-0.021073	0.000341165	23.0302	0.411916	23.0302	0	2.61855e-08	3.7737	3.66805	0.108631	-3.68963	-0.777515	0.0287976	-0.978104	-0.206116
0	13	Box-182	0	47.8866	3024.05	-358.593	0.00276904	-0.1	-0.0227819	0.000342375	23.3582	0.421181	23.3582	0	0	3.70034	3.59469	0.099827	-3.60512	-0.821313	0.0269888	-0.974663	-0.222046
0	13	Box-181	0	50.3379	2928.05	-380.923	0.00168833	-0.1	-0.023747	0.000343032	23.6872	0.430642	23.6872	0	0	3.63389	3.52823	0.0596586	-3.5336	-0.839123	0.0164242	-0.972812	-0.231014
0	13	Box-180	0	52.0969	2832.05	-403.721	0.0018248	-0.1	-0.02381	0.000343094	24.0165	0.440301	24.0165	0	1.89653e-08	3.55772	3.45206	0.063118	-3.45889	-0.823561	0.017749	-0.972652	-0.231588
0	13	Box-179	0	53.7992	2736.05	-427.12	0.001342	-0.1	-0.0246898	0.000343768	24.3463	0.45017	24.3463	0	0	3.48764	3.38199	0.0454151	-3.38413	-0.835535	0.0130277	-0.970764	-0.23968
0	13	Box-178	0	55.0468	2640.05	-451.665	0.00175339	-0.1	-0.0263288	0.000345147	24.6771	0.460284	24.6771	0	4.6756e-08	3.41419	3.30853	0.057855	-3.29961	-0.868749	0.0169536	-0.966904	-0.254575
0	13	Box-177	0	56.9489	2544.05	-477.264	0.00246162	-0.1	-0.0267972	0.000345605	25.0087	0.470624	25.0087	0	0	3.33037	3.22471	0.0791283	-3.21435	-0.861342	0.0237716	-0.965648	-0.258763
0	13	Box-176	0	59.192	2448.05	-503.248	0.00189744	-0.1	-0.0269544	0.000345708	25.3407	0.481201	25.3407	0	0	3.2678	3.16214	0.0598266	-3.15301	-0.849874	0.0183175	-0.965378	-0.260212
0	13	Box-175	0	61.0355	2352.05	-529.391	0.00200186	-0.1	-0.0270813	0.000345832	25.6728	0.491982	25.6728	0	0	3.20682	3.10116	0.0619188	-3.09307	-0.837642	0.0193189	-0.965051	-0.261348
0	13	Box-174	0	63.3341	2256.05	-555.72	0.00180563	-0.1	-0.0275708	0.000346259	26.0051	0.503024	26.0051	0	0	3.13396	3.0283	0.0545444	-3.01907	-0.832333	0.0174142	-0.963888	-0.265736
0	13	Box-173	0	65.4492	2160.05	-582.713	0.00250224	-0.1	-0.0289382	0.000347557	26.338	0.514349	26.338	0	0	3.06758	2.96192	0.073654	-2.94408	-0.851984	0.0240247	-0.960309	-0.277903
0	13	Box-172	0	68.0721	2064.05	-610.184	0.0028113	-0.1	-0.0280384	0.000346771	26.6714	0.525955	26.6714	0	1.74784e-08	2.99422	2.88856	0.0809706	-2.88019	-0.807557	0.0270592	-0.962515	-0.269874
0	13	Box-171	0	70.7354	1968.05	-637.647	0.00269733	-0.1	-0.0293314	0.00034796	27.0048	0.537783	27.0048	0	0	2.92669	2.82103	0.0756763	-2.8056	-0.822922	0.0258742	-0.959253	-0.281362
0	13	Box-170	0	73.2154	1872.05	-666.153	0.00285468	-0.1	-0.0298198	0.000348448	27.3392	0.549993	27.3392	0	0	2.8525	2.74684	0.0779513	-2.73065	-0.814274	0.0273462	-0.957942	-0.285656
0	13	Box-169	0	75.9703	1776.05	-694.876	0.00256433	-0.1	-0.0300052	0.000348613	27.6738	0.562521	27.6738	0	0	2.7816	2.67594	0.0682505	-2.66153	-0.798597	0.0245541	-0.957524	-0.287307
0	13	Box-168	0	79.5366	1680.05	-724.305	0.00521958	-0.1	-0.0312659	0.000350188	28.0092	0.575403	28.0092	0	0	2.70818	2.60253	0.134645	-2.57962	-0.806543	0.0497558	-0.953255	-0.298044
0	13	Box-167	0	84.9596	1584.05	-754.844	0.00639196	-0.1	-0.0331996	0.000352396	28.346	0.5887	28.346	0	2.28601e-08	2.63711	2.53146	0.159556	-2.49619	-0.828724	0.0605525	-0.947322	-0.314507
0	13	Box-166	0	89.5153	1488.05	-787.207	0.00349523	-0.1	-0.0340559	0.000352869	28.6846	0.602386	28.6846	0	0	2.568	2.46234	0.0848471	-2.42751	-0.826711	0.0330682	-0.946094	-0.322201
0	13	Box-165	0	93.6439	1392.05	-820.725	0.00497649	-0.1	-0.0360543	0.000355292	29.0244	0.616561	29.0244	0	0	2.48499	2.37934	0.116103	-2.33303	-0.841157	0.0467638	-0.939695	-0.338801
0	13	Box-164	0	97.8692	1296.05	-855.747	0.00438882	-0.1	-0.0360333	0.000355199	29.3658	0.631216	29.3658	0	0	2.42098	2.31532	0.0997809	-2.27352	-0.819225	0.0412544	-0.939987	-0.338708
0	13	Box-163	0	100.907	1200.05	-890.957	0.00117533	-0.1	-0.0380031	0.000357223	29.7074	0.646327	29.7074	0	0	2.34832	2.24266	0.0257725	-2.19279	-0.833328	0.010986	-0.934718	-0.355221
0	13	Box-162	0	102.419	1104.05	-927.859	0.00174437	-0.1	-0.0385902	0.000357971	30.0509	0.661966	30.0509	0	0	2.28257	2.17691	0.0371017	-2.12695	-0.820793	0.0162718	-0.932819	-0.359977
0	13	Box-161	0	104.143	1008.05	-965.183	0.00218032	-0.1	-0.0391848	0.000358748	30.3949	0.678179	30.3949	0	0	2.19497	2.08931	0.0444979	-2.04088	-0.799716	0.0202962	-0.930879	-0.364763
0	13	Box-160	0	106.232	912.05	-1002.88	0.00166506	-0.1	-0.0389734	0.000358492	30.7394	0.695009	30.7394	0	0	2.11757	2.01191	0.032807	-1.97032	-0.767901	0.0155121	-0.931626	-0.363086
0	13	Box-159	0	108.58	816.05	-1041.86	0.0037762	-0.1	-0.0409322	0.000361141	31.0856	0.712632	31.0856	0	0	2.02018	1.91452	0.0704458	-1.86592	-0.76377	0.0349189	-0.924906	-0.378588
0	13	Box-158	0	112.188	720.05	-1082.13	0.00325862	-0.1	-0.0431219	0.000363952	31.4336	0.731055	31.4336	0	0	1.95222	1.84656	0.058304	-1.78922	-0.771546	0.0299093	-0.917852	-0.395795
0	13	Box-157	0	114.676	624.05	-1125.44	0.00152789	-0.1	-0.0480498	0.000370698	31.7856	0.750436	31.7856	0	0	1.87366	1.768	0.0257598	-1.68597	-0.810106	0.0137703	-0.901262	-0.433055
0	13	Box-156	0	116.362	528.05	-1172.61	0.00263569	-0.1	-0.0492443	0.00037257	32.143	0.771014	32.143	0	0	1.78878	1.68312	0.0422106	-1.6015	-0.788649	0.0236388	-0.896872	-0.441658
0	13	Box-155	0	118.076	432.05	-1220.02	-7.27829e-05	-0.1	-0.0492129	0.000372476	32.5008	0.792472	32.5008	0	1.87672e-08	1.71644	1.61078	-0.00111876	-1.53712	-0.756463	-0.000653033	-0.897234	-0.441555
0	13	Box-154	0	117.891	336.05	-1267.37	0.000194676	-0.1	-0.0487562	0.000371872	32.8586	0.814949	32.8586	0	0	1.64116	1.5355	0.00286583	-1.4721	-0.717741	0.00174985	-0.898853	-0.438247
0	13	Box-153	0	116.781	240.05	-1315.47	-0.00206469	-0.1	-0.051717	0.000376455	33.2176	0.838565	33.2176	0	0	1.56459	1.45894	-0.0286235	-1.38633	-0.716971	-0.0183364	-0.888094	-0.459296
0	13	Box-152	0	114.997	144.05	-1368.12	-0.00141466	-0.1	-0.0583387	0.000387183	33.5839	0.863806	33.5839	0	3.62322e-08	1.48881	1.38315	-0.0181449	-1.28264	-0.748274	-0.0122183	-0.863694	-0.503868
0	13	Box-002	0	114.284	48.05	-1426.69	-0.00038807	-0.1	-0.0644879	0.000398014	33.96	0.890999	33.96	0	1.27679e-07	1.42038	1.31472	-0.0046195	-1.19038	-0.76765	-0.00326134	-0.8404	-0.541957
0	13	Box-225	0	112.019	-47.95	-1490.62	-0.0048968	-0.1	-0.0704229	0.000409583	34.3461	0.920501	34.3461	0	0	1.33844	1.23279	-0.0533766	-1.09003	-0.767631	-0.0400044	-0.81695	-0.57532
0	13	Box-226	0	106.492	-143.95	-1559.64	-0.00705129	-0.1	-0.0730814	0.000415295	34.7422	0.95266	34.7422	0	0	1.25345	1.14779	-0.0709901	-1.00677	-0.73576	-0.0568382	-0.806069	-0.589086
0	13	Box-227	0	99.1802	-239.95	-1633.58	-0.00786874	-0.1	-0.0817588	0.000433439	35.1488	0.987998	35.1488	0	0	1.16704	1.06138	-0.0706527	-0.898147	-0.734274	-0.0607898	-0.772768	-0.631771
0	13	Box-228	0	93.1529	-335.95	-1714.52	-0.00516834	-0.1	-0.0866279	0.000443798	35.5701	1.02757	35.5701	0	0	1.0771	0.971441	-0.0418411	-0.809565	-0.701309	-0.0390343	-0.755258	-0.654264
0	13	Box-229	0	84.8166	-431.95	-1804.07	-0.0118905	-0.1	-0.100553	0.00047764	36.0116	1.07324	36.0116	0	5.13071e-10	0.953652	0.847993	-0.0791901	-0.665993	-0.669679	-0.0835532	-0.702687	-0.706576
0	13	Box-230	0	69.9313	-527.95	-1906.26	-0.0220872	-0.1	-0.114566	0.000516588	36.4855	1.12823	36.4855	0	2.09153e-08	0.849395	0.743737	-0.12114	-0.548462	-0.62835	-0.143735	-0.650763	-0.745552
0	13	Box-231	0	44.5769	-623.95	-2022.56	-0.0352494	-0.1	-0.129351	0.000563413	37.0002	1.19474	37.0002	0	0	0.757323	0.651664	-0.158047	-0.448368	-0.579967	-0.210753	-0.597891	-0.773375
0	13	Box-232	0	13.4228	-719.95	-2148.85	-0.0307935	-0.1	-0.139194	0.000588904	37.546	1.27721	37.546	0	0	0.641282	0.535623	-0.11185	-0.363232	-0.505599	-0.176833	-0.574264	-0.799344
0	13	Box-233	0	-26.0307	-815.95	-2285.86	-0.0542699	-0.1	-0.148973	0.000638033	38.1297	1.38228	38.1297	0	0	0.530965	0.425307	-0.150648	-0.27759	-0.413533	-0.289515	-0.533471	-0.794726
0	13	Box-234	0	-88.7841	-911.95	-2475.72	-0.0891208	-0.1	-0.255068	0.00100016	38.8953	1.56375	38.8953	0	0	0.381415	0.275756	-0.113369	-0.127208	-0.324467	-0.309338	-0.3471	-0.885342
